0.03788 0.26000 -0.04500
0.03603 0.26000 -0.03068
0.03065 0.26000 -0.01777
0.02227 0.26000 -0.00752
0.01171 0.26000 -0.00094
0.00000 0.26000 0.00133
-0.01171 0.26000 -0.00094
-0.02227 0.26000 -0.00752
-0.03065 0.26000 -0.01777
-0.03603 0.26000 -0.03068
-0.03788 0.26000 -0.04500
-0.03603 0.26000 -0.05932
-0.03065 0.26000 -0.07223
-0.02227 0.26000 -0.08248
-0.01171 0.26000 -0.08906
-0.00000 0.26000 -0.09133
0.01171 0.26000 -0.08906
0.02227 0.26000 -0.08248
0.03065 0.26000 -0.07223
0.03603 0.26000 -0.05932
0.03788 0.26000 -0.04500
0.03802 0.26467 -0.04500
0.03615 0.26467 -0.03056
0.03075 0.26467 -0.01754
0.02234 0.26467 -0.00720
0.01175 0.26467 -0.00056
0.00000 0.26467 0.00173
-0.01175 0.26467 -0.00056
-0.02234 0.26467 -0.00720
-0.03075 0.26467 -0.01754
-0.03615 0.26467 -0.03056
-0.03802 0.26467 -0.04500
-0.03615 0.26467 -0.05944
-0.03075 0.26467 -0.07246
-0.02234 0.26467 -0.08280
-0.01175 0.26467 -0.08944
-0.00000 0.26467 -0.09173
0.01175 0.26467 -0.08944
0.02234 0.26467 -0.08280
0.03075 0.26467 -0.07246
0.03615 0.26467 -0.05944
0.03802 0.26467 -0.04500
0.03813 0.26933 -0.04500
0.03626 0.26933 -0.03045
0.03085 0.26933 -0.01732
0.02241 0.26933 -0.00690
0.01178 0.26933 -0.00021
0.00000 0.26933 0.00209
-0.01178 0.26933 -0.00021
-0.02241 0.26933 -0.00690
-0.03085 0.26933 -0.01732
-0.03626 0.26933 -0.03045
-0.03813 0.26933 -0.04500
-0.03626 0.26933 -0.05955
-0.03085 0.26933 -0.07268
-0.02241 0.26933 -0.08310
-0.01178 0.26933 -0.08979
-0.00000 0.26933 -0.09209
0.01178 0.26933 -0.08979
0.02241 0.26933 -0.08310
0.03085 0.26933 -0.07268
0.03626 0.26933 -0.05955
0.03813 0.26933 -0.04500
0.03822 0.27400 -0.04500
0.03635 0.27400 -0.03034
0.03092 0.27400 -0.01712
0.02247 0.27400 -0.00663
0.01181 0.27400 0.00010
0.00000 0.27400 0.00242
-0.01181 0.27400 0.00010
-0.02247 0.27400 -0.00663
-0.03092 0.27400 -0.01712
-0.03635 0.27400 -0.03034
-0.03822 0.27400 -0.04500
-0.03635 0.27400 -0.05966
-0.03092 0.27400 -0.07288
-0.02247 0.27400 -0.08337
-0.01181 0.27400 -0.09010
-0.00000 0.27400 -0.09242
0.01181 0.27400 -0.09010
0.02247 0.27400 -0.08337
0.03092 0.27400 -0.07288
0.03635 0.27400 -0.05966
0.03822 0.27400 -0.04500
0.03829 0.27867 -0.04500
0.03642 0.27867 -0.03025
0.03098 0.27867 -0.01695
0.02251 0.27867 -0.00639
0.01183 0.27867 0.00039
0.00000 0.27867 0.00273
-0.01183 0.27867 0.00039
-0.02251 0.27867 -0.00639
-0.03098 0.27867 -0.01695
-0.03642 0.27867 -0.03025
-0.03829 0.27867 -0.04500
-0.03642 0.27867 -0.05975
-0.03098 0.27867 -0.07305
-0.02251 0.27867 -0.08361
-0.01183 0.27867 -0.09039
-0.00000 0.27867 -0.09273
0.01183 0.27867 -0.09039
0.02251 0.27867 -0.08361
0.03098 0.27867 -0.07305
0.03642 0.27867 -0.05975
0.03829 0.27867 -0.04500
0.03835 0.28333 -0.04500
0.03647 0.28333 -0.03017
0.03102 0.28333 -0.01679
0.02254 0.28333 -0.00617
0.01185 0.28333 0.00065
0.00000 0.28333 0.00300
-0.01185 0.28333 0.00065
-0.02254 0.28333 -0.00617
-0.03102 0.28333 -0.01679
-0.03647 0.28333 -0.03017
-0.03835 0.28333 -0.04500
-0.03647 0.28333 -0.05983
-0.03102 0.28333 -0.07321
-0.02254 0.28333 -0.08383
-0.01185 0.28333 -0.09065
-0.00000 0.28333 -0.09300
0.01185 0.28333 -0.09065
0.02254 0.28333 -0.08383
0.03102 0.28333 -0.07321
0.03647 0.28333 -0.05983
0.03835 0.28333 -0.04500
0.03838 0.28800 -0.04500
0.03651 0.28800 -0.03010
0.03105 0.28800 -0.01665
0.02256 0.28800 -0.00598
0.01186 0.28800 0.00087
0.00000 0.28800 0.00323
-0.01186 0.28800 0.00087
-0.02256 0.28800 -0.00598
-0.03105 0.28800 -0.01665
-0.03651 0.28800 -0.03010
-0.03838 0.28800 -0.04500
-0.03651 0.28800 -0.05990
-0.03105 0.28800 -0.07335
-0.02256 0.28800 -0.08402
-0.01186 0.28800 -0.09087
-0.00000 0.28800 -0.09323
0.01186 0.28800 -0.09087
0.02256 0.28800 -0.08402
0.03105 0.28800 -0.07335
0.03651 0.28800 -0.05990
0.03838 0.28800 -0.04500
0.03840 0.29267 -0.04500
0.03652 0.29267 -0.03004
0.03107 0.29267 -0.01654
0.02257 0.29267 -0.00582
0.01187 0.29267 0.00105
0.00000 0.29267 0.00342
-0.01187 0.29267 0.00105
-0.02257 0.29267 -0.00582
-0.03107 0.29267 -0.01654
-0.03652 0.29267 -0.03004
-0.03840 0.29267 -0.04500
-0.03652 0.29267 -0.05996
-0.03107 0.29267 -0.07346
-0.02257 0.29267 -0.08418
-0.01187 0.29267 -0.09105
-0.00000 0.29267 -0.09342
0.01187 0.29267 -0.09105
0.02257 0.29267 -0.08418
0.03107 0.29267 -0.07346
0.03652 0.29267 -0.05996
0.03840 0.29267 -0.04500
0.03839 0.29733 -0.04500
0.03652 0.29733 -0.02999
0.03106 0.29733 -0.01644
0.02257 0.29733 -0.00569
0.01186 0.29733 0.00121
0.00000 0.29733 0.00358
-0.01186 0.29733 0.00121
-0.02257 0.29733 -0.00569
-0.03106 0.29733 -0.01644
-0.03652 0.29733 -0.02999
-0.03839 0.29733 -0.04500
-0.03652 0.29733 -0.06001
-0.03106 0.29733 -0.07356
-0.02257 0.29733 -0.08431
-0.01186 0.29733 -0.09121
-0.00000 0.29733 -0.09358
0.01186 0.29733 -0.09121
0.02257 0.29733 -0.08431
0.03106 0.29733 -0.07356
0.03652 0.29733 -0.06001
0.03839 0.29733 -0.04500
0.03837 0.30200 -0.04500
0.03649 0.30200 -0.02995
0.03104 0.30200 -0.01637
0.02255 0.30200 -0.00560
0.01186 0.30200 0.00132
0.00000 0.30200 0.00371
-0.01186 0.30200 0.00132
-0.02255 0.30200 -0.00560
-0.03104 0.30200 -0.01637
-0.03649 0.30200 -0.02995
-0.03837 0.30200 -0.04500
-0.03649 0.30200 -0.06005
-0.03104 0.30200 -0.07363
-0.02255 0.30200 -0.08440
-0.01186 0.30200 -0.09132
-0.00000 0.30200 -0.09371
0.01186 0.30200 -0.09132
0.02255 0.30200 -0.08440
0.03104 0.30200 -0.07363
0.03649 0.30200 -0.06005
0.03837 0.30200 -0.04500
0.03833 0.30667 -0.04500
0.03645 0.30667 -0.02992
0.03101 0.30667 -0.01632
0.02253 0.30667 -0.00553
0.01184 0.30667 0.00140
0.00000 0.30667 0.00379
-0.01184 0.30667 0.00140
-0.02253 0.30667 -0.00553
-0.03101 0.30667 -0.01632
-0.03645 0.30667 -0.02992
-0.03833 0.30667 -0.04500
-0.03645 0.30667 -0.06008
-0.03101 0.30667 -0.07368
-0.02253 0.30667 -0.08447
-0.01184 0.30667 -0.09140
-0.00000 0.30667 -0.09379
0.01184 0.30667 -0.09140
0.02253 0.30667 -0.08447
0.03101 0.30667 -0.07368
0.03645 0.30667 -0.06008
0.03833 0.30667 -0.04500
0.03826 0.31133 -0.04500
0.03639 0.31133 -0.02991
0.03096 0.31133 -0.01630
0.02249 0.31133 -0.00549
0.01182 0.31133 0.00144
0.00000 0.31133 0.00383
-0.01182 0.31133 0.00144
-0.02249 0.31133 -0.00549
-0.03096 0.31133 -0.01630
-0.03639 0.31133 -0.02991
-0.03826 0.31133 -0.04500
-0.03639 0.31133 -0.06009
-0.03096 0.31133 -0.07370
-0.02249 0.31133 -0.08451
-0.01182 0.31133 -0.09144
-0.00000 0.31133 -0.09383
0.01182 0.31133 -0.09144
0.02249 0.31133 -0.08451
0.03096 0.31133 -0.07370
0.03639 0.31133 -0.06009
0.03826 0.31133 -0.04500
0.03818 0.31600 -0.04500
0.03631 0.31600 -0.02991
0.03089 0.31600 -0.01629
0.02244 0.31600 -0.00549
0.01180 0.31600 0.00145
0.00000 0.31600 0.00384
-0.01180 0.31600 0.00145
-0.02244 0.31600 -0.00549
-0.03089 0.31600 -0.01629
-0.03631 0.31600 -0.02991
-0.03818 0.31600 -0.04500
-0.03631 0.31600 -0.06009
-0.03089 0.31600 -0.07371
-0.02244 0.31600 -0.08451
-0.01180 0.31600 -0.09145
-0.00000 0.31600 -0.09384
0.01180 0.31600 -0.09145
0.02244 0.31600 -0.08451
0.03089 0.31600 -0.07371
0.03631 0.31600 -0.06009
0.03818 0.31600 -0.04500
0.03808 0.32067 -0.04500
0.03622 0.32067 -0.02992
0.03081 0.32067 -0.01631
0.02238 0.32067 -0.00552
0.01177 0.32067 0.00141
0.00000 0.32067 0.00380
-0.01177 0.32067 0.00141
-0.02238 0.32067 -0.00552
-0.03081 0.32067 -0.01631
-0.03622 0.32067 -0.02992
-0.03808 0.32067 -0.04500
-0.03622 0.32067 -0.06008
-0.03081 0.32067 -0.07369
-0.02238 0.32067 -0.08448
-0.01177 0.32067 -0.09141
-0.00000 0.32067 -0.09380
0.01177 0.32067 -0.09141
0.02238 0.32067 -0.08448
0.03081 0.32067 -0.07369
0.03622 0.32067 -0.06008
0.03808 0.32067 -0.04500
0.03796 0.32533 -0.04500
0.03610 0.32533 -0.02994
0.03071 0.32533 -0.01636
0.02231 0.32533 -0.00558
0.01173 0.32533 0.00134
0.00000 0.32533 0.00373
-0.01173 0.32533 0.00134
-0.02231 0.32533 -0.00558
-0.03071 0.32533 -0.01636
-0.03610 0.32533 -0.02994
-0.03796 0.32533 -0.04500
-0.03610 0.32533 -0.06006
-0.03071 0.32533 -0.07364
-0.02231 0.32533 -0.08442
-0.01173 0.32533 -0.09134
-0.00000 0.32533 -0.09373
0.01173 0.32533 -0.09134
0.02231 0.32533 -0.08442
0.03071 0.32533 -0.07364
0.03610 0.32533 -0.06006
0.03796 0.32533 -0.04500
0.03782 0.33000 -0.04500
0.03597 0.33000 -0.02998
0.03060 0.33000 -0.01642
0.02223 0.33000 -0.00567
0.01169 0.33000 0.00124
0.00000 0.33000 0.00362
-0.01169 0.33000 0.00124
-0.02223 0.33000 -0.00567
-0.03060 0.33000 -0.01642
-0.03597 0.33000 -0.02998
-0.03782 0.33000 -0.04500
-0.03597 0.33000 -0.06002
-0.03060 0.33000 -0.07358
-0.02223 0.33000 -0.08433
-0.01169 0.33000 -0.09124
-0.00000 0.33000 -0.09362
0.01169 0.33000 -0.09124
0.02223 0.33000 -0.08433
0.03060 0.33000 -0.07358
0.03597 0.33000 -0.06002
0.03782 0.33000 -0.04500
0.03766 0.33467 -0.04500
0.03582 0.33467 -0.03002
0.03047 0.33467 -0.01651
0.02214 0.33467 -0.00579
0.01164 0.33467 0.00109
0.00000 0.33467 0.00347
-0.01164 0.33467 0.00109
-0.02214 0.33467 -0.00579
-0.03047 0.33467 -0.01651
-0.03582 0.33467 -0.03002
-0.03766 0.33467 -0.04500
-0.03582 0.33467 -0.05998
-0.03047 0.33467 -0.07349
-0.02214 0.33467 -0.08421
-0.01164 0.33467 -0.09109
-0.00000 0.33467 -0.09347
0.01164 0.33467 -0.09109
0.02214 0.33467 -0.08421
0.03047 0.33467 -0.07349
0.03582 0.33467 -0.05998
0.03766 0.33467 -0.04500
0.03749 0.33933 -0.04500
0.03565 0.33933 -0.03008
0.03033 0.33933 -0.01662
0.02204 0.33933 -0.00594
0.01158 0.33933 0.00092
0.00000 0.33933 0.00328
-0.01158 0.33933 0.00092
-0.02204 0.33933 -0.00594
-0.03033 0.33933 -0.01662
-0.03565 0.33933 -0.03008
-0.03749 0.33933 -0.04500
-0.03565 0.33933 -0.05992
-0.03033 0.33933 -0.07338
-0.02204 0.33933 -0.08406
-0.01158 0.33933 -0.09092
-0.00000 0.33933 -0.09328
0.01158 0.33933 -0.09092
0.02204 0.33933 -0.08406
0.03033 0.33933 -0.07338
0.03565 0.33933 -0.05992
0.03749 0.33933 -0.04500
0.03730 0.34400 -0.04500
0.03547 0.34400 -0.03015
0.03017 0.34400 -0.01675
0.02192 0.34400 -0.00612
0.01153 0.34400 0.00070
0.00000 0.34400 0.00305
-0.01153 0.34400 0.00070
-0.02192 0.34400 -0.00612
-0.03017 0.34400 -0.01675
-0.03547 0.34400 -0.03015
-0.03730 0.34400 -0.04500
-0.03547 0.34400 -0.05985
-0.03017 0.34400 -0.07325
-0.02192 0.34400 -0.08388
-0.01153 0.34400 -0.09070
-0.00000 0.34400 -0.09305
0.01153 0.34400 -0.09070
0.02192 0.34400 -0.08388
0.03017 0.34400 -0.07325
0.03547 0.34400 -0.05985
0.03730 0.34400 -0.04500
0.03709 0.34867 -0.04500
0.03527 0.34867 -0.03023
0.03001 0.34867 -0.01691
0.02180 0.34867 -0.00633
0.01146 0.34867 0.00045
0.00000 0.34867 0.00279
-0.01146 0.34867 0.00045
-0.02180 0.34867 -0.00633
-0.03001 0.34867 -0.01691
-0.03527 0.34867 -0.03023
-0.03709 0.34867 -0.04500
-0.03527 0.34867 -0.05977
-0.03001 0.34867 -0.07309
-0.02180 0.34867 -0.08367
-0.01146 0.34867 -0.09045
-0.00000 0.34867 -0.09279
0.01146 0.34867 -0.09045
0.02180 0.34867 -0.08367
0.03001 0.34867 -0.07309
0.03527 0.34867 -0.05977
0.03709 0.34867 -0.04500
0.03687 0.35333 -0.04500
0.03506 0.35333 -0.03032
0.02983 0.35333 -0.01708
0.02167 0.35333 -0.00657
0.01139 0.35333 0.00018
0.00000 0.35333 0.00250
-0.01139 0.35333 0.00018
-0.02167 0.35333 -0.00657
-0.02983 0.35333 -0.01708
-0.03506 0.35333 -0.03032
-0.03687 0.35333 -0.04500
-0.03506 0.35333 -0.05968
-0.02983 0.35333 -0.07292
-0.02167 0.35333 -0.08343
-0.01139 0.35333 -0.09018
-0.00000 0.35333 -0.09250
0.01139 0.35333 -0.09018
0.02167 0.35333 -0.08343
0.02983 0.35333 -0.07292
0.03506 0.35333 -0.05968
0.03687 0.35333 -0.04500
0.03663 0.35800 -0.04500
0.03484 0.35800 -0.03042
0.02963 0.35800 -0.01727
0.02153 0.35800 -0.00684
0.01132 0.35800 -0.00014
0.00000 0.35800 0.00217
-0.01132 0.35800 -0.00014
-0.02153 0.35800 -0.00684
-0.02963 0.35800 -0.01727
-0.03484 0.35800 -0.03042
-0.03663 0.35800 -0.04500
-0.03484 0.35800 -0.05958
-0.02963 0.35800 -0.07273
-0.02153 0.35800 -0.08316
-0.01132 0.35800 -0.08986
-0.00000 0.35800 -0.09217
0.01132 0.35800 -0.08986
0.02153 0.35800 -0.08316
0.02963 0.35800 -0.07273
0.03484 0.35800 -0.05958
0.03663 0.35800 -0.04500
0.03638 0.36267 -0.04500
0.03459 0.36267 -0.03053
0.02943 0.36267 -0.01748
0.02138 0.36267 -0.00713
0.01124 0.36267 -0.00048
0.00000 0.36267 0.00182
-0.01124 0.36267 -0.00048
-0.02138 0.36267 -0.00713
-0.02943 0.36267 -0.01748
-0.03459 0.36267 -0.03053
-0.03638 0.36267 -0.04500
-0.03459 0.36267 -0.05947
-0.02943 0.36267 -0.07252
-0.02138 0.36267 -0.08287
-0.01124 0.36267 -0.08952
-0.00000 0.36267 -0.09182
0.01124 0.36267 -0.08952
0.02138 0.36267 -0.08287
0.02943 0.36267 -0.07252
0.03459 0.36267 -0.05947
0.03638 0.36267 -0.04500
0.03611 0.36733 -0.04500
0.03434 0.36733 -0.03065
0.02921 0.36733 -0.01771
0.02122 0.36733 -0.00744
0.01116 0.36733 -0.00084
0.00000 0.36733 0.00143
-0.01116 0.36733 -0.00084
-0.02122 0.36733 -0.00744
-0.02921 0.36733 -0.01771
-0.03434 0.36733 -0.03065
-0.03611 0.36733 -0.04500
-0.03434 0.36733 -0.05935
-0.02921 0.36733 -0.07229
-0.02122 0.36733 -0.08256
-0.01116 0.36733 -0.08916
-0.00000 0.36733 -0.09143
0.01116 0.36733 -0.08916
0.02122 0.36733 -0.08256
0.02921 0.36733 -0.07229
0.03434 0.36733 -0.05935
0.03611 0.36733 -0.04500
0.03583 0.37200 -0.04500
0.03408 0.37200 -0.03078
0.02899 0.37200 -0.01795
0.02106 0.37200 -0.00778
0.01107 0.37200 -0.00124
0.00000 0.37200 0.00101
-0.01107 0.37200 -0.00124
-0.02106 0.37200 -0.00778
-0.02899 0.37200 -0.01795
-0.03408 0.37200 -0.03078
-0.03583 0.37200 -0.04500
-0.03408 0.37200 -0.05922
-0.02899 0.37200 -0.07205
-0.02106 0.37200 -0.08222
-0.01107 0.37200 -0.08876
-0.00000 0.37200 -0.09101
0.01107 0.37200 -0.08876
0.02106 0.37200 -0.08222
0.02899 0.37200 -0.07205
0.03408 0.37200 -0.05922
0.03583 0.37200 -0.04500
0.03554 0.37667 -0.04500
0.03380 0.37667 -0.03092
0.02875 0.37667 -0.01821
0.02089 0.37667 -0.00813
0.01098 0.37667 -0.00166
0.00000 0.37667 0.00057
-0.01098 0.37667 -0.00166
-0.02089 0.37667 -0.00813
-0.02875 0.37667 -0.01821
-0.03380 0.37667 -0.03092
-0.03554 0.37667 -0.04500
-0.03380 0.37667 -0.05908
-0.02875 0.37667 -0.07179
-0.02089 0.37667 -0.08187
-0.01098 0.37667 -0.08834
-0.00000 0.37667 -0.09057
0.01098 0.37667 -0.08834
0.02089 0.37667 -0.08187
0.02875 0.37667 -0.07179
0.03380 0.37667 -0.05908
0.03554 0.37667 -0.04500
0.03524 0.38133 -0.04500
0.03351 0.38133 -0.03106
0.02851 0.38133 -0.01849
0.02071 0.38133 -0.00851
0.01089 0.38133 -0.00210
0.00000 0.38133 0.00011
-0.01089 0.38133 -0.00210
-0.02071 0.38133 -0.00851
-0.02851 0.38133 -0.01849
-0.03351 0.38133 -0.03106
-0.03524 0.38133 -0.04500
-0.03351 0.38133 -0.05894
-0.02851 0.38133 -0.07151
-0.02071 0.38133 -0.08149
-0.01089 0.38133 -0.08790
-0.00000 0.38133 -0.09011
0.01089 0.38133 -0.08790
0.02071 0.38133 -0.08149
0.02851 0.38133 -0.07151
0.03351 0.38133 -0.05894
0.03524 0.38133 -0.04500
0.03493 0.38600 -0.04500
0.03322 0.38600 -0.03121
0.02826 0.38600 -0.01877
0.02053 0.38600 -0.00890
0.01079 0.38600 -0.00256
0.00000 0.38600 -0.00038
-0.01079 0.38600 -0.00256
-0.02053 0.38600 -0.00890
-0.02826 0.38600 -0.01877
-0.03322 0.38600 -0.03121
-0.03493 0.38600 -0.04500
-0.03322 0.38600 -0.05879
-0.02826 0.38600 -0.07123
-0.02053 0.38600 -0.08110
-0.01079 0.38600 -0.08744
-0.00000 0.38600 -0.08962
0.01079 0.38600 -0.08744
0.02053 0.38600 -0.08110
0.02826 0.38600 -0.07123
0.03322 0.38600 -0.05879
0.03493 0.38600 -0.04500
0.03461 0.39067 -0.04500
0.03291 0.39067 -0.03137
0.02800 0.39067 -0.01907
0.02034 0.39067 -0.00931
0.01069 0.39067 -0.00304
0.00000 0.39067 -0.00088
-0.01069 0.39067 -0.00304
-0.02034 0.39067 -0.00931
-0.02800 0.39067 -0.01907
-0.03291 0.39067 -0.03137
-0.03461 0.39067 -0.04500
-0.03291 0.39067 -0.05863
-0.02800 0.39067 -0.07093
-0.02034 0.39067 -0.08069
-0.01069 0.39067 -0.08696
-0.00000 0.39067 -0.08912
0.01069 0.39067 -0.08696
0.02034 0.39067 -0.08069
0.02800 0.39067 -0.07093
0.03291 0.39067 -0.05863
0.03461 0.39067 -0.04500
0.03428 0.39533 -0.04500
0.03260 0.39533 -0.03153
0.02773 0.39533 -0.01937
0.02015 0.39533 -0.00973
0.01059 0.39533 -0.00354
0.00000 0.39533 -0.00140
-0.01059 0.39533 -0.00354
-0.02015 0.39533 -0.00973
-0.02773 0.39533 -0.01937
-0.03260 0.39533 -0.03153
-0.03428 0.39533 -0.04500
-0.03260 0.39533 -0.05847
-0.02773 0.39533 -0.07063
-0.02015 0.39533 -0.08027
-0.01059 0.39533 -0.08646
-0.00000 0.39533 -0.08860
0.01059 0.39533 -0.08646
0.02015 0.39533 -0.08027
0.02773 0.39533 -0.07063
0.03260 0.39533 -0.05847
0.03428 0.39533 -0.04500
0.03394 0.40000 -0.04500
0.03228 0.40000 -0.03169
0.02746 0.40000 -0.01969
0.01995 0.40000 -0.01016
0.01049 0.40000 -0.00405
0.00000 0.40000 -0.00194
-0.01049 0.40000 -0.00405
-0.01995 0.40000 -0.01016
-0.02746 0.40000 -0.01969
-0.03228 0.40000 -0.03169
-0.03394 0.40000 -0.04500
-0.03228 0.40000 -0.05831
-0.02746 0.40000 -0.07031
-0.01995 0.40000 -0.07984
-0.01049 0.40000 -0.08595
-0.00000 0.40000 -0.08806
0.01049 0.40000 -0.08595
0.01995 0.40000 -0.07984
0.02746 0.40000 -0.07031
0.03228 0.40000 -0.05831
0.03394 0.40000 -0.04500
0.03360 0.40467 -0.04500
0.03196 0.40467 -0.03186
0.02718 0.40467 -0.02001
0.01975 0.40467 -0.01060
0.01038 0.40467 -0.00457
0.00000 0.40467 -0.00248
-0.01038 0.40467 -0.00457
-0.01975 0.40467 -0.01060
-0.02718 0.40467 -0.02001
-0.03196 0.40467 -0.03186
-0.03360 0.40467 -0.04500
-0.03196 0.40467 -0.05814
-0.02718 0.40467 -0.06999
-0.01975 0.40467 -0.07940
-0.01038 0.40467 -0.08543
-0.00000 0.40467 -0.08752
0.01038 0.40467 -0.08543
0.01975 0.40467 -0.07940
0.02718 0.40467 -0.06999
0.03196 0.40467 -0.05814
0.03360 0.40467 -0.04500
0.03325 0.40933 -0.04500
0.03163 0.40933 -0.03203
0.02690 0.40933 -0.02034
0.01955 0.40933 -0.01105
0.01028 0.40933 -0.00509
0.00000 0.40933 -0.00304
-0.01028 0.40933 -0.00509
-0.01955 0.40933 -0.01105
-0.02690 0.40933 -0.02034
-0.03163 0.40933 -0.03203
-0.03325 0.40933 -0.04500
-0.03163 0.40933 -0.05797
-0.02690 0.40933 -0.06966
-0.01955 0.40933 -0.07895
-0.01028 0.40933 -0.08491
-0.00000 0.40933 -0.08696
0.01028 0.40933 -0.08491
0.01955 0.40933 -0.07895
0.02690 0.40933 -0.06966
0.03163 0.40933 -0.05797
0.03325 0.40933 -0.04500
0.03290 0.41400 -0.04500
0.03129 0.41400 -0.03221
0.02662 0.41400 -0.02067
0.01934 0.41400 -0.01151
0.01017 0.41400 -0.00563
0.00000 0.41400 -0.00360
-0.01017 0.41400 -0.00563
-0.01934 0.41400 -0.01151
-0.02662 0.41400 -0.02067
-0.03129 0.41400 -0.03221
-0.03290 0.41400 -0.04500
-0.03129 0.41400 -0.05779
-0.02662 0.41400 -0.06933
-0.01934 0.41400 -0.07849
-0.01017 0.41400 -0.08437
-0.00000 0.41400 -0.08640
0.01017 0.41400 -0.08437
0.01934 0.41400 -0.07849
0.02662 0.41400 -0.06933
0.03129 0.41400 -0.05779
0.03290 0.41400 -0.04500
0.03255 0.41867 -0.04500
0.03096 0.41867 -0.03238
0.02633 0.41867 -0.02100
0.01913 0.41867 -0.01196
0.01006 0.41867 -0.00616
0.00000 0.41867 -0.00416
-0.01006 0.41867 -0.00616
-0.01913 0.41867 -0.01196
-0.02633 0.41867 -0.02100
-0.03096 0.41867 -0.03238
-0.03255 0.41867 -0.04500
-0.03096 0.41867 -0.05762
-0.02633 0.41867 -0.06900
-0.01913 0.41867 -0.07804
-0.01006 0.41867 -0.08384
-0.00000 0.41867 -0.08584
0.01006 0.41867 -0.08384
0.01913 0.41867 -0.07804
0.02633 0.41867 -0.06900
0.03096 0.41867 -0.05762
0.03255 0.41867 -0.04500
0.03220 0.42333 -0.04500
0.03062 0.42333 -0.03256
0.02605 0.42333 -0.02133
0.01892 0.42333 -0.01242
0.00995 0.42333 -0.00670
0.00000 0.42333 -0.00473
-0.00995 0.42333 -0.00670
-0.01892 0.42333 -0.01242
-0.02605 0.42333 -0.02133
-0.03062 0.42333 -0.03256
-0.03220 0.42333 -0.04500
-0.03062 0.42333 -0.05744
-0.02605 0.42333 -0.06867
-0.01892 0.42333 -0.07758
-0.00995 0.42333 -0.08330
-0.00000 0.42333 -0.08527
0.00995 0.42333 -0.08330
0.01892 0.42333 -0.07758
0.02605 0.42333 -0.06867
0.03062 0.42333 -0.05744
0.03220 0.42333 -0.04500
0.03184 0.42800 -0.04500
0.03028 0.42800 -0.03273
0.02576 0.42800 -0.02166
0.01871 0.42800 -0.01288
0.00984 0.42800 -0.00724
0.00000 0.42800 -0.00529
-0.00984 0.42800 -0.00724
-0.01871 0.42800 -0.01288
-0.02576 0.42800 -0.02166
-0.03028 0.42800 -0.03273
-0.03184 0.42800 -0.04500
-0.03028 0.42800 -0.05727
-0.02576 0.42800 -0.06834
-0.01871 0.42800 -0.07712
-0.00984 0.42800 -0.08276
-0.00000 0.42800 -0.08471
0.00984 0.42800 -0.08276
0.01871 0.42800 -0.07712
0.02576 0.42800 -0.06834
0.03028 0.42800 -0.05727
0.03184 0.42800 -0.04500
0.03148 0.43267 -0.04500
0.02994 0.43267 -0.03290
0.02547 0.43267 -0.02199
0.01851 0.43267 -0.01333
0.00973 0.43267 -0.00777
0.00000 0.43267 -0.00585
-0.00973 0.43267 -0.00777
-0.01851 0.43267 -0.01333
-0.02547 0.43267 -0.02199
-0.02994 0.43267 -0.03290
-0.03148 0.43267 -0.04500
-0.02994 0.43267 -0.05710
-0.02547 0.43267 -0.06801
-0.01851 0.43267 -0.07667
-0.00973 0.43267 -0.08223
-0.00000 0.43267 -0.08415
0.00973 0.43267 -0.08223
0.01851 0.43267 -0.07667
0.02547 0.43267 -0.06801
0.02994 0.43267 -0.05710
0.03148 0.43267 -0.04500
0.03113 0.43733 -0.04500
0.02961 0.43733 -0.03307
0.02519 0.43733 -0.02231
0.01830 0.43733 -0.01377
0.00962 0.43733 -0.00829
0.00000 0.43733 -0.00640
-0.00962 0.43733 -0.00829
-0.01830 0.43733 -0.01377
-0.02519 0.43733 -0.02231
-0.02961 0.43733 -0.03307
-0.03113 0.43733 -0.04500
-0.02961 0.43733 -0.05693
-0.02519 0.43733 -0.06769
-0.01830 0.43733 -0.07623
-0.00962 0.43733 -0.08171
-0.00000 0.43733 -0.08360
0.00962 0.43733 -0.08171
0.01830 0.43733 -0.07623
0.02519 0.43733 -0.06769
0.02961 0.43733 -0.05693
0.03113 0.43733 -0.04500
0.03078 0.44200 -0.04500
0.02927 0.44200 -0.03324
0.02490 0.44200 -0.02263
0.01809 0.44200 -0.01421
0.00951 0.44200 -0.00881
0.00000 0.44200 -0.00694
-0.00951 0.44200 -0.00881
-0.01809 0.44200 -0.01421
-0.02490 0.44200 -0.02263
-0.02927 0.44200 -0.03324
-0.03078 0.44200 -0.04500
-0.02927 0.44200 -0.05676
-0.02490 0.44200 -0.06737
-0.01809 0.44200 -0.07579
-0.00951 0.44200 -0.08119
-0.00000 0.44200 -0.08306
0.00951 0.44200 -0.08119
0.01809 0.44200 -0.07579
0.02490 0.44200 -0.06737
0.02927 0.44200 -0.05676
0.03078 0.44200 -0.04500
0.03043 0.44667 -0.04500
0.02894 0.44667 -0.03340
0.02462 0.44667 -0.02294
0.01789 0.44667 -0.01464
0.00940 0.44667 -0.00931
0.00000 0.44667 -0.00747
-0.00940 0.44667 -0.00931
-0.01789 0.44667 -0.01464
-0.02462 0.44667 -0.02294
-0.02894 0.44667 -0.03340
-0.03043 0.44667 -0.04500
-0.02894 0.44667 -0.05660
-0.02462 0.44667 -0.06706
-0.01789 0.44667 -0.07536
-0.00940 0.44667 -0.08069
-0.00000 0.44667 -0.08253
0.00940 0.44667 -0.08069
0.01789 0.44667 -0.07536
0.02462 0.44667 -0.06706
0.02894 0.44667 -0.05660
0.03043 0.44667 -0.04500
0.03009 0.45133 -0.04500
0.02862 0.45133 -0.03356
0.02434 0.45133 -0.02324
0.01769 0.45133 -0.01505
0.00930 0.45133 -0.00979
0.00000 0.45133 -0.00798
-0.00930 0.45133 -0.00979
-0.01769 0.45133 -0.01505
-0.02434 0.45133 -0.02324
-0.02862 0.45133 -0.03356
-0.03009 0.45133 -0.04500
-0.02862 0.45133 -0.05644
-0.02434 0.45133 -0.06676
-0.01769 0.45133 -0.07495
-0.00930 0.45133 -0.08021
-0.00000 0.45133 -0.08202
0.00930 0.45133 -0.08021
0.01769 0.45133 -0.07495
0.02434 0.45133 -0.06676
0.02862 0.45133 -0.05644
0.03009 0.45133 -0.04500
0.02975 0.45600 -0.04500
0.02830 0.45600 -0.03371
0.02407 0.45600 -0.02353
0.01749 0.45600 -0.01545
0.00919 0.45600 -0.01027
0.00000 0.45600 -0.00848
-0.00919 0.45600 -0.01027
-0.01749 0.45600 -0.01545
-0.02407 0.45600 -0.02353
-0.02830 0.45600 -0.03371
-0.02975 0.45600 -0.04500
-0.02830 0.45600 -0.05629
-0.02407 0.45600 -0.06647
-0.01749 0.45600 -0.07455
-0.00919 0.45600 -0.07973
-0.00000 0.45600 -0.08152
0.00919 0.45600 -0.07973
0.01749 0.45600 -0.07455
0.02407 0.45600 -0.06647
0.02830 0.45600 -0.05629
0.02975 0.45600 -0.04500
0.02943 0.46067 -0.04500
0.02799 0.46067 -0.03386
0.02381 0.46067 -0.02381
0.01730 0.46067 -0.01584
0.00909 0.46067 -0.01072
0.00000 0.46067 -0.00895
-0.00909 0.46067 -0.01072
-0.01730 0.46067 -0.01584
-0.02381 0.46067 -0.02381
-0.02799 0.46067 -0.03386
-0.02943 0.46067 -0.04500
-0.02799 0.46067 -0.05614
-0.02381 0.46067 -0.06619
-0.01730 0.46067 -0.07416
-0.00909 0.46067 -0.07928
-0.00000 0.46067 -0.08105
0.00909 0.46067 -0.07928
0.01730 0.46067 -0.07416
0.02381 0.46067 -0.06619
0.02799 0.46067 -0.05614
0.02943 0.46067 -0.04500
0.02910 0.46533 -0.04500
0.02768 0.46533 -0.03400
0.02355 0.46533 -0.02408
0.01711 0.46533 -0.01620
0.00899 0.46533 -0.01115
0.00000 0.46533 -0.00940
-0.00899 0.46533 -0.01115
-0.01711 0.46533 -0.01620
-0.02355 0.46533 -0.02408
-0.02768 0.46533 -0.03400
-0.02910 0.46533 -0.04500
-0.02768 0.46533 -0.05600
-0.02355 0.46533 -0.06592
-0.01711 0.46533 -0.07380
-0.00899 0.46533 -0.07885
-0.00000 0.46533 -0.08060
0.00899 0.46533 -0.07885
0.01711 0.46533 -0.07380
0.02355 0.46533 -0.06592
0.02768 0.46533 -0.05600
0.02910 0.46533 -0.04500
0.02879 0.47000 -0.04500
0.02738 0.47000 -0.03413
0.02329 0.47000 -0.02433
0.01692 0.47000 -0.01655
0.00890 0.47000 -0.01155
0.00000 0.47000 -0.00983
-0.00890 0.47000 -0.01155
-0.01692 0.47000 -0.01655
-0.02329 0.47000 -0.02433
-0.02738 0.47000 -0.03413
-0.02879 0.47000 -0.04500
-0.02738 0.47000 -0.05587
-0.02329 0.47000 -0.06567
-0.01692 0.47000 -0.07345
-0.00890 0.47000 -0.07845
-0.00000 0.47000 -0.08017
0.00890 0.47000 -0.07845
0.01692 0.47000 -0.07345
0.02329 0.47000 -0.06567
0.02738 0.47000 -0.05587
0.02879 0.47000 -0.04500
0.02849 0.47467 -0.04500
0.02709 0.47467 -0.03426
0.02305 0.47467 -0.02456
0.01675 0.47467 -0.01687
0.00880 0.47467 -0.01193
0.00000 0.47467 -0.01023
-0.00880 0.47467 -0.01193
-0.01675 0.47467 -0.01687
-0.02305 0.47467 -0.02456
-0.02709 0.47467 -0.03426
-0.02849 0.47467 -0.04500
-0.02709 0.47467 -0.05574
-0.02305 0.47467 -0.06544
-0.01675 0.47467 -0.07313
-0.00880 0.47467 -0.07807
-0.00000 0.47467 -0.07977
0.00880 0.47467 -0.07807
0.01675 0.47467 -0.07313
0.02305 0.47467 -0.06544
0.02709 0.47467 -0.05574
0.02849 0.47467 -0.04500
0.02820 0.47933 -0.04500
0.02682 0.47933 -0.03437
0.02281 0.47933 -0.02478
0.01657 0.47933 -0.01717
0.00871 0.47933 -0.01229
0.00000 0.47933 -0.01061
-0.00871 0.47933 -0.01229
-0.01657 0.47933 -0.01717
-0.02281 0.47933 -0.02478
-0.02682 0.47933 -0.03437
-0.02820 0.47933 -0.04500
-0.02682 0.47933 -0.05563
-0.02281 0.47933 -0.06522
-0.01657 0.47933 -0.07283
-0.00871 0.47933 -0.07771
-0.00000 0.47933 -0.07939
0.00871 0.47933 -0.07771
0.01657 0.47933 -0.07283
0.02281 0.47933 -0.06522
0.02682 0.47933 -0.05563
0.02820 0.47933 -0.04500
0.02792 0.48400 -0.04500
0.02655 0.48400 -0.03448
0.02259 0.48400 -0.02498
0.01641 0.48400 -0.01745
0.00863 0.48400 -0.01261
0.00000 0.48400 -0.01095
-0.00863 0.48400 -0.01261
-0.01641 0.48400 -0.01745
-0.02259 0.48400 -0.02498
-0.02655 0.48400 -0.03448
-0.02792 0.48400 -0.04500
-0.02655 0.48400 -0.05552
-0.02259 0.48400 -0.06502
-0.01641 0.48400 -0.07255
-0.00863 0.48400 -0.07739
-0.00000 0.48400 -0.07905
0.00863 0.48400 -0.07739
0.01641 0.48400 -0.07255
0.02259 0.48400 -0.06502
0.02655 0.48400 -0.05552
0.02792 0.48400 -0.04500
0.02765 0.48867 -0.04500
0.02630 0.48867 -0.03457
0.02237 0.48867 -0.02517
0.01625 0.48867 -0.01770
0.00854 0.48867 -0.01291
0.00000 0.48867 -0.01126
-0.00854 0.48867 -0.01291
-0.01625 0.48867 -0.01770
-0.02237 0.48867 -0.02517
-0.02630 0.48867 -0.03457
-0.02765 0.48867 -0.04500
-0.02630 0.48867 -0.05543
-0.02237 0.48867 -0.06483
-0.01625 0.48867 -0.07230
-0.00854 0.48867 -0.07709
-0.00000 0.48867 -0.07874
0.00854 0.48867 -0.07709
0.01625 0.48867 -0.07230
0.02237 0.48867 -0.06483
0.02630 0.48867 -0.05543
0.02765 0.48867 -0.04500
0.02740 0.49333 -0.04500
0.02606 0.49333 -0.03466
0.02216 0.49333 -0.02533
0.01610 0.49333 -0.01793
0.00847 0.49333 -0.01317
0.00000 0.49333 -0.01153
-0.00847 0.49333 -0.01317
-0.01610 0.49333 -0.01793
-0.02216 0.49333 -0.02533
-0.02606 0.49333 -0.03466
-0.02740 0.49333 -0.04500
-0.02606 0.49333 -0.05534
-0.02216 0.49333 -0.06467
-0.01610 0.49333 -0.07207
-0.00847 0.49333 -0.07683
-0.00000 0.49333 -0.07847
0.00847 0.49333 -0.07683
0.01610 0.49333 -0.07207
0.02216 0.49333 -0.06467
0.02606 0.49333 -0.05534
0.02740 0.49333 -0.04500
0.02716 0.49800 -0.04500
0.02583 0.49800 -0.03473
0.02197 0.49800 -0.02547
0.01596 0.49800 -0.01812
0.00839 0.49800 -0.01340
0.00000 0.49800 -0.01178
-0.00839 0.49800 -0.01340
-0.01596 0.49800 -0.01812
-0.02197 0.49800 -0.02547
-0.02583 0.49800 -0.03473
-0.02716 0.49800 -0.04500
-0.02583 0.49800 -0.05527
-0.02197 0.49800 -0.06453
-0.01596 0.49800 -0.07188
-0.00839 0.49800 -0.07660
-0.00000 0.49800 -0.07822
0.00839 0.49800 -0.07660
0.01596 0.49800 -0.07188
0.02197 0.49800 -0.06453
0.02583 0.49800 -0.05527
0.02716 0.49800 -0.04500
0.02693 0.50267 -0.04500
0.02561 0.50267 -0.03480
0.02179 0.50267 -0.02559
0.01583 0.50267 -0.01829
0.00832 0.50267 -0.01360
0.00000 0.50267 -0.01198
-0.00832 0.50267 -0.01360
-0.01583 0.50267 -0.01829
-0.02179 0.50267 -0.02559
-0.02561 0.50267 -0.03480
-0.02693 0.50267 -0.04500
-0.02561 0.50267 -0.05520
-0.02179 0.50267 -0.06441
-0.01583 0.50267 -0.07171
-0.00832 0.50267 -0.07640
-0.00000 0.50267 -0.07802
0.00832 0.50267 -0.07640
0.01583 0.50267 -0.07171
0.02179 0.50267 -0.06441
0.02561 0.50267 -0.05520
0.02693 0.50267 -0.04500
0.02672 0.50733 -0.04500
0.02541 0.50733 -0.03485
0.02162 0.50733 -0.02569
0.01571 0.50733 -0.01842
0.00826 0.50733 -0.01376
0.00000 0.50733 -0.01215
-0.00826 0.50733 -0.01376
-0.01571 0.50733 -0.01842
-0.02162 0.50733 -0.02569
-0.02541 0.50733 -0.03485
-0.02672 0.50733 -0.04500
-0.02541 0.50733 -0.05515
-0.02162 0.50733 -0.06431
-0.01571 0.50733 -0.07158
-0.00826 0.50733 -0.07624
-0.00000 0.50733 -0.07785
0.00826 0.50733 -0.07624
0.01571 0.50733 -0.07158
0.02162 0.50733 -0.06431
0.02541 0.50733 -0.05515
0.02672 0.50733 -0.04500
0.02653 0.51200 -0.04500
0.02523 0.51200 -0.03489
0.02146 0.51200 -0.02577
0.01559 0.51200 -0.01853
0.00820 0.51200 -0.01388
0.00000 0.51200 -0.01228
-0.00820 0.51200 -0.01388
-0.01559 0.51200 -0.01853
-0.02146 0.51200 -0.02577
-0.02523 0.51200 -0.03489
-0.02653 0.51200 -0.04500
-0.02523 0.51200 -0.05511
-0.02146 0.51200 -0.06423
-0.01559 0.51200 -0.07147
-0.00820 0.51200 -0.07612
-0.00000 0.51200 -0.07772
0.00820 0.51200 -0.07612
0.01559 0.51200 -0.07147
0.02146 0.51200 -0.06423
0.02523 0.51200 -0.05511
0.02653 0.51200 -0.04500
0.02635 0.51667 -0.04500
0.02506 0.51667 -0.03492
0.02132 0.51667 -0.02582
0.01549 0.51667 -0.01860
0.00814 0.51667 -0.01397
0.00000 0.51667 -0.01237
-0.00814 0.51667 -0.01397
-0.01549 0.51667 -0.01860
-0.02132 0.51667 -0.02582
-0.02506 0.51667 -0.03492
-0.02635 0.51667 -0.04500
-0.02506 0.51667 -0.05508
-0.02132 0.51667 -0.06418
-0.01549 0.51667 -0.07140
-0.00814 0.51667 -0.07603
-0.00000 0.51667 -0.07763
0.00814 0.51667 -0.07603
0.01549 0.51667 -0.07140
0.02132 0.51667 -0.06418
0.02506 0.51667 -0.05508
0.02635 0.51667 -0.04500
0.02619 0.52133 -0.04500
0.02491 0.52133 -0.03493
0.02119 0.52133 -0.02585
0.01540 0.52133 -0.01865
0.00809 0.52133 -0.01402
0.00000 0.52133 -0.01243
-0.00809 0.52133 -0.01402
-0.01540 0.52133 -0.01865
-0.02119 0.52133 -0.02585
-0.02491 0.52133 -0.03493
-0.02619 0.52133 -0.04500
-0.02491 0.52133 -0.05507
-0.02119 0.52133 -0.06415
-0.01540 0.52133 -0.07135
-0.00809 0.52133 -0.07598
-0.00000 0.52133 -0.07757
0.00809 0.52133 -0.07598
0.01540 0.52133 -0.07135
0.02119 0.52133 -0.06415
0.02491 0.52133 -0.05507
0.02619 0.52133 -0.04500
0.02605 0.52600 -0.04500
0.02478 0.52600 -0.03494
0.02108 0.52600 -0.02586
0.01531 0.52600 -0.01866
0.00805 0.52600 -0.01403
0.00000 0.52600 -0.01244
-0.00805 0.52600 -0.01403
-0.01531 0.52600 -0.01866
-0.02108 0.52600 -0.02586
-0.02478 0.52600 -0.03494
-0.02605 0.52600 -0.04500
-0.02478 0.52600 -0.05506
-0.02108 0.52600 -0.06414
-0.01531 0.52600 -0.07134
-0.00805 0.52600 -0.07597
-0.00000 0.52600 -0.07756
0.00805 0.52600 -0.07597
0.01531 0.52600 -0.07134
0.02108 0.52600 -0.06414
0.02478 0.52600 -0.05506
0.02605 0.52600 -0.04500
0.02593 0.53067 -0.04500
0.02466 0.53067 -0.03493
0.02098 0.53067 -0.02585
0.01524 0.53067 -0.01864
0.00801 0.53067 -0.01401
0.00000 0.53067 -0.01241
-0.00801 0.53067 -0.01401
-0.01524 0.53067 -0.01864
-0.02098 0.53067 -0.02585
-0.02466 0.53067 -0.03493
-0.02593 0.53067 -0.04500
-0.02466 0.53067 -0.05507
-0.02098 0.53067 -0.06415
-0.01524 0.53067 -0.07136
-0.00801 0.53067 -0.07599
-0.00000 0.53067 -0.07759
0.00801 0.53067 -0.07599
0.01524 0.53067 -0.07136
0.02098 0.53067 -0.06415
0.02466 0.53067 -0.05507
0.02593 0.53067 -0.04500
0.02583 0.53533 -0.04500
0.02456 0.53533 -0.03491
0.02090 0.53533 -0.02581
0.01518 0.53533 -0.01859
0.00798 0.53533 -0.01395
0.00000 0.53533 -0.01235
-0.00798 0.53533 -0.01395
-0.01518 0.53533 -0.01859
-0.02090 0.53533 -0.02581
-0.02456 0.53533 -0.03491
-0.02583 0.53533 -0.04500
-0.02456 0.53533 -0.05509
-0.02090 0.53533 -0.06419
-0.01518 0.53533 -0.07141
-0.00798 0.53533 -0.07605
-0.00000 0.53533 -0.07765
0.00798 0.53533 -0.07605
0.01518 0.53533 -0.07141
0.02090 0.53533 -0.06419
0.02456 0.53533 -0.05509
0.02583 0.53533 -0.04500
