0.0304994214972019    0.260000000000000    -0.0450000000000000
0.0290066735581463    0.260000000000000    -0.0308627406581400
0.0246745503098409    0.260000000000000    -0.0181093347607391
0.0179271101595073    0.260000000000000    -0.00798817453523864
0.00942483956123998    0.260000000000000    -0.00148998966278052
1.86755094561971e-18    0.260000000000000    0.000749132245802787
-0.00942483956123998    0.260000000000000    -0.00148998966278052
-0.0179271101595073    0.260000000000000    -0.00798817453523864
-0.0246745503098409    0.260000000000000    -0.0181093347607391
-0.0290066735581463    0.260000000000000    -0.0308627406581400
-0.0304994214972019    0.260000000000000    -0.0450000000000000
-0.0290066735581463    0.260000000000000    -0.0591372593418600
-0.0246745503098409    0.260000000000000    -0.0718906652392609
-0.0179271101595073    0.260000000000000    -0.0820118254647614
-0.00942483956123998    0.260000000000000    -0.0885100103372195
-5.60265283685913e-18    0.260000000000000    -0.0907491322458028
0.00942483956123997    0.260000000000000    -0.0885100103372195
0.0179271101595073    0.260000000000000    -0.0820118254647614
0.0246745503098409    0.260000000000000    -0.0718906652392609
0.0290066735581463    0.260000000000000    -0.0591372593418600
0.0304994214972019    0.260000000000000    -0.0450000000000000
0.0309953767961605    0.265833333333333    -0.0450000000000000
0.0294783550770120    0.265833333333333    -0.0306328527343972
0.0250757865751487    0.265833333333333    -0.0176720619449528
0.0182186253700315    0.265833333333333    -0.00738632013727688
0.00957809817706850    0.265833333333333    -0.000782467384481948
1.89791944908920e-18    0.265833333333333    0.00149306519424074
-0.00957809817706850    0.265833333333333    -0.000782467384481941
-0.0182186253700315    0.265833333333333    -0.00738632013727688
-0.0250757865751487    0.265833333333333    -0.0176720619449528
-0.0294783550770120    0.265833333333333    -0.0306328527343972
-0.0309953767961605    0.265833333333333    -0.0450000000000000
-0.0294783550770120    0.265833333333333    -0.0593671472656028
-0.0250757865751487    0.265833333333333    -0.0723279380550472
-0.0182186253700315    0.265833333333333    -0.0826136798627231
-0.00957809817706851    0.265833333333333    -0.0892175326155180
-5.69375834726761e-18    0.265833333333333    -0.0914930651942407
0.00957809817706850    0.265833333333333    -0.0892175326155181
0.0182186253700315    0.265833333333333    -0.0826136798627231
0.0250757865751487    0.265833333333333    -0.0723279380550472
0.0294783550770120    0.265833333333333    -0.0593671472656028
0.0309953767961605    0.265833333333333    -0.0450000000000000
0.0314844237555271    0.271666666666667    -0.0450000000000000
0.0299434663744920    0.271666666666667    -0.0304061670021597
0.0254714338763238    0.271666666666667    -0.0172408800593615
0.0185060799604257    0.271666666666667    -0.00679284918551436
0.00972922199856019    0.271666666666667    -8.48004382619783e-05
1.92786493876026e-18    0.271666666666667    0.00222663563329071
-0.00972922199856019    0.271666666666667    -8.48004382619713e-05
-0.0185060799604256    0.271666666666667    -0.00679284918551436
-0.0254714338763238    0.271666666666667    -0.0172408800593615
-0.0299434663744920    0.271666666666667    -0.0304061670021597
-0.0314844237555271    0.271666666666667    -0.0450000000000000
-0.0299434663744920    0.271666666666667    -0.0595938329978403
-0.0254714338763238    0.271666666666667    -0.0727591199406385
-0.0185060799604257    0.271666666666667    -0.0832071508144856
-0.00972922199856019    0.271666666666667    -0.0899151995617380
-5.78359481628078e-18    0.271666666666667    -0.0922266356332907
0.00972922199856018    0.271666666666667    -0.0899151995617380
0.0185060799604256    0.271666666666667    -0.0832071508144857
0.0254714338763238    0.271666666666667    -0.0727591199406385
0.0299434663744920    0.271666666666667    -0.0595938329978403
0.0314844237555271    0.271666666666667    -0.0450000000000000
0.0319631681807769    0.277500000000000    -0.0450000000000000
0.0303987793797658    0.277500000000000    -0.0301842567571130
0.0258587462523131    0.277500000000000    -0.0168187816901929
0.0187874788732047    0.277500000000000    -0.00621188062153036
0.00987716216192464    0.277500000000000    0.000598169069648692
1.95717958015985e-18    0.277500000000000    0.00294475227116537
-0.00987716216192464    0.277500000000000    0.000598169069648699
-0.0187874788732047    0.277500000000000    -0.00621188062153036
-0.0258587462523131    0.277500000000000    -0.0168187816901929
-0.0303987793797658    0.277500000000000    -0.0301842567571130
-0.0319631681807769    0.277500000000000    -0.0450000000000000
-0.0303987793797658    0.277500000000000    -0.0598157432428870
-0.0258587462523131    0.277500000000000    -0.0731812183098071
-0.0187874788732047    0.277500000000000    -0.0837881193784696
-0.00987716216192464    0.277500000000000    -0.0905981690696487
-5.87153874047955e-18    0.277500000000000    -0.0929447522711654
0.00987716216192463    0.277500000000000    -0.0905981690696487
0.0187874788732047    0.277500000000000    -0.0837881193784696
0.0258587462523131    0.277500000000000    -0.0731812183098071
0.0303987793797658    0.277500000000000    -0.0598157432428870
0.0319631681807769    0.277500000000000    -0.0450000000000000
0.0324282873813668    0.283333333333333    -0.0450000000000000
0.0308411340263407    0.283333333333333    -0.0299686621510245
0.0262350355900004    0.283333333333333    -0.0164086963801958
0.0190608690798695    0.283333333333333    -0.00564744661499945
0.0100208918993170    0.283333333333333    0.00126170103951112
1.98565991717106e-18    0.283333333333333    0.00364243107205012
-0.0100208918993170    0.283333333333333    0.00126170103951113
-0.0190608690798695    0.283333333333333    -0.00564744661499945
-0.0262350355900004    0.283333333333333    -0.0164086963801958
-0.0308411340263407    0.283333333333333    -0.0299686621510245
-0.0324282873813668    0.283333333333333    -0.0450000000000000
-0.0308411340263407    0.283333333333333    -0.0600313378489755
-0.0262350355900004    0.283333333333333    -0.0735913036198042
-0.0190608690798695    0.283333333333333    -0.0843525533850005
-0.0100208918993170    0.283333333333333    -0.0912617010395111
-5.95697975151319e-18    0.283333333333333    -0.0936424310720501
0.0100208918993170    0.283333333333333    -0.0912617010395111
0.0190608690798695    0.283333333333333    -0.0843525533850006
0.0262350355900004    0.283333333333333    -0.0735913036198042
0.0308411340263407    0.283333333333333    -0.0600313378489755
0.0324282873813668    0.283333333333333    -0.0450000000000000
0.0328765532316252    0.289166666666667    -0.0450000000000000
0.0312674601842617    0.289166666666667    -0.0297608795024328
0.0265976902808574    0.289166666666667    -0.0160134702963634
0.0193243531357578    0.289166666666667    -0.00510346457871390
0.0101594136650448    0.289166666666667    0.00190119027639248
2.01310828410537e-18    0.289166666666667    0.00431482984743783
-0.0101594136650448    0.289166666666667    0.00190119027639249
-0.0193243531357577    0.289166666666667    -0.00510346457871390
-0.0265976902808574    0.289166666666667    -0.0160134702963634
-0.0312674601842617    0.289166666666667    -0.0297608795024328
-0.0328765532316252    0.289166666666667    -0.0450000000000000
-0.0312674601842617    0.289166666666667    -0.0602391204975672
-0.0265976902808574    0.289166666666667    -0.0739865297036366
-0.0193243531357578    0.289166666666667    -0.0848965354212861
-0.0101594136650448    0.289166666666667    -0.0919011902763925
-6.03932485231611e-18    0.289166666666667    -0.0943148298474378
0.0101594136650448    0.289166666666667    -0.0919011902763925
0.0193243531357577    0.289166666666667    -0.0848965354212861
0.0265976902808574    0.289166666666667    -0.0739865297036366
0.0312674601842617    0.289166666666667    -0.0602391204975672
0.0328765532316252    0.289166666666667    -0.0450000000000000
0.0333048545753218    0.295000000000000    -0.0450000000000000
0.0316747989681223    0.295000000000000    -0.0295623509115590
0.0269441933466216    0.295000000000000    -0.0156358464763205
0.0195761023491197    0.295000000000000    -0.00458370998006764
0.0102917660589607    0.295000000000000    0.00251219845218341
2.03933417758680e-18    0.295000000000000    0.00495728186298272
-0.0102917660589607    0.295000000000000    0.00251219845218342
-0.0195761023491197    0.295000000000000    -0.00458370998006764
-0.0269441933466216    0.295000000000000    -0.0156358464763205
-0.0316747989681223    0.295000000000000    -0.0295623509115590
-0.0333048545753218    0.295000000000000    -0.0450000000000000
-0.0316747989681223    0.295000000000000    -0.0604376490884410
-0.0269441933466216    0.295000000000000    -0.0743641535236795
-0.0195761023491197    0.295000000000000    -0.0854162900199323
-0.0102917660589607    0.295000000000000    -0.0925121984521834
-6.11800253276039e-18    0.295000000000000    -0.0949572818629827
0.0102917660589607    0.295000000000000    -0.0925121984521834
0.0195761023491197    0.295000000000000    -0.0854162900199324
0.0269441933466216    0.295000000000000    -0.0743641535236795
0.0316747989681223    0.295000000000000    -0.0604376490884410
0.0333048545753218    0.295000000000000    -0.0450000000000000
0.0337102188184184    0.300833333333333    -0.0450000000000000
0.0320603232729924    0.300833333333333    -0.0293744542515158
0.0272721399081987    0.300833333333333    -0.0152784457904722
0.0198143694730185    0.300833333333333    -0.00409179013770200
0.0104170304989895    0.300833333333333    0.00309048490948853
2.06415557872665e-18    0.300833333333333    0.00556532822762763
-0.0104170304989895    0.300833333333333    0.00309048490948854
-0.0198143694730185    0.300833333333333    -0.00409179013770200
-0.0272721399081987    0.300833333333333    -0.0152784457904722
-0.0320603232729924    0.300833333333333    -0.0293744542515158
-0.0337102188184184    0.300833333333333    -0.0450000000000000
-0.0320603232729924    0.300833333333333    -0.0606255457484842
-0.0272721399081987    0.300833333333333    -0.0747215542095278
-0.0198143694730186    0.300833333333333    -0.0859082098622980
-0.0104170304989895    0.300833333333333    -0.0930904849094885
-6.19246673617995e-18    0.300833333333333    -0.0955653282276276
0.0104170304989894    0.300833333333333    -0.0930904849094885
0.0198143694730185    0.300833333333333    -0.0859082098622980
0.0272721399081987    0.300833333333333    -0.0747215542095278
0.0320603232729924    0.300833333333333    -0.0606255457484842
0.0337102188184184    0.300833333333333    -0.0450000000000000
0.0340898325601400    0.306666666666667    -0.0450000000000000
0.0324213573957319    0.306666666666667    -0.0291984936052805
0.0275792538765497    0.306666666666667    -0.0149437487520449
0.0200375008319701    0.306666666666667    -0.00363111918517547
0.0105343375964797    0.306666666666667    0.00363203609359777
2.08740021641223e-18    0.306666666666667    0.00613474884021001
-0.0105343375964797    0.306666666666667    0.00363203609359778
-0.0200375008319701    0.306666666666667    -0.00363111918517547
-0.0275792538765497    0.306666666666667    -0.0149437487520449
-0.0324213573957319    0.306666666666667    -0.0291984936052805
-0.0340898325601400    0.306666666666667    -0.0450000000000000
-0.0324213573957319    0.306666666666667    -0.0608015063947195
-0.0275792538765497    0.306666666666667    -0.0750562512479551
-0.0200375008319701    0.306666666666667    -0.0863688808148245
-0.0105343375964797    0.306666666666667    -0.0936320360935978
-6.26220064923670e-18    0.306666666666667    -0.0961347488402100
0.0105343375964797    0.306666666666667    -0.0936320360935978
0.0200375008319700    0.306666666666667    -0.0863688808148245
0.0275792538765497    0.306666666666667    -0.0750562512479551
0.0324213573957319    0.306666666666667    -0.0608015063947195
0.0340898325601400    0.306666666666667    -0.0450000000000000
0.0344410611191762    0.312500000000000    -0.0450000000000000
0.0327553956055122    0.312500000000000    -0.0290356902148025
0.0278634037497198    0.312500000000000    -0.0146340783012668
0.0202439477991555    0.312500000000000    -0.00320489437542029
0.0106428731901317    0.312500000000000    0.00413309340826831
2.10890676294188e-18    0.312500000000000    0.00666159167876434
-0.0106428731901317    0.312500000000000    0.00413309340826831
-0.0202439477991555    0.312500000000000    -0.00320489437542029
-0.0278634037497198    0.312500000000000    -0.0146340783012668
-0.0327553956055122    0.312500000000000    -0.0290356902148024
-0.0344410611191762    0.312500000000000    -0.0450000000000000
-0.0327553956055122    0.312500000000000    -0.0609643097851976
-0.0278634037497198    0.312500000000000    -0.0753659216987332
-0.0202439477991555    0.312500000000000    -0.0867951056245797
-0.0106428731901317    0.312500000000000    -0.0941330934082683
-6.32672028882563e-18    0.312500000000000    -0.0966615916787643
0.0106428731901317    0.312500000000000    -0.0941330934082683
0.0202439477991555    0.312500000000000    -0.0867951056245797
0.0278634037497198    0.312500000000000    -0.0753659216987332
0.0327553956055122    0.312500000000000    -0.0609643097851976
0.0344410611191762    0.312500000000000    -0.0450000000000000
0.0347614668194937    0.318333333333333    -0.0450000000000000
0.0330601195346572    0.318333333333333    -0.0288871740050634
0.0281226174063712    0.318333333333333    -0.0143515836831712
0.0204322775445525    0.318333333333333    -0.00281607389044317
0.0107418839966244    0.318333333333333    0.00459017930198580
2.12852595370799e-18    0.318333333333333    0.00714220022924048
-0.0107418839966244    0.318333333333333    0.00459017930198581
-0.0204322775445525    0.318333333333333    -0.00281607389044317
-0.0281226174063712    0.318333333333333    -0.0143515836831712
-0.0330601195346572    0.318333333333333    -0.0288871740050634
-0.0347614668194937    0.318333333333333    -0.0450000000000000
-0.0330601195346572    0.318333333333333    -0.0611128259949366
-0.0281226174063712    0.318333333333333    -0.0756484163168288
-0.0204322775445525    0.318333333333333    -0.0871839261095568
-0.0107418839966244    0.318333333333333    -0.0945901793019858
-6.38557786112397e-18    0.318333333333333    -0.0971422002292405
0.0107418839966244    0.318333333333333    -0.0945901793019858
0.0204322775445525    0.318333333333333    -0.0871839261095568
0.0281226174063712    0.318333333333333    -0.0756484163168288
0.0330601195346572    0.318333333333333    -0.0611128259949366
0.0347614668194937    0.318333333333333    -0.0450000000000000
0.0350488259088474    0.324166666666667    -0.0450000000000000
0.0333334142691037    0.324166666666667    -0.0287539757419158
0.0283550957931465    0.324166666666667    -0.0140982255309198
0.0206011829793868    0.324166666666667    -0.00246735631028026
0.0108306828387228    0.324166666666667    0.00500012140365556
2.14612162315714e-18    0.324166666666667    0.00757323886327108
-0.0108306828387228    0.324166666666667    0.00500012140365558
-0.0206011829793868    0.324166666666667    -0.00246735631028026
-0.0283550957931465    0.324166666666667    -0.0140982255309197
-0.0333334142691037    0.324166666666667    -0.0287539757419158
-0.0350488259088474    0.324166666666667    -0.0450000000000000
-0.0333334142691037    0.324166666666667    -0.0612460242580842
-0.0283550957931465    0.324166666666667    -0.0759017744690802
-0.0206011829793868    0.324166666666667    -0.0875326436897197
-0.0108306828387228    0.324166666666667    -0.0950001214036556
-6.43836486947142e-18    0.324166666666667    -0.0975732388632711
0.0108306828387228    0.324166666666667    -0.0950001214036556
0.0206011829793868    0.324166666666667    -0.0875326436897198
0.0283550957931465    0.324166666666667    -0.0759017744690803
0.0333334142691037    0.324166666666667    -0.0612460242580842
0.0350488259088474    0.324166666666667    -0.0450000000000000
0.0353011439925702    0.330000000000000    -0.0450000000000000
0.0335733830268074    0.330000000000000    -0.0286370198781281
0.0285592254108664    0.330000000000000    -0.0138757622581713
0.0207494918278858    0.330000000000000    -0.00216116188370041
0.0109086534145813    0.330000000000000    0.00536007454021114
2.16157164983705e-18    0.330000000000000    0.00795171598885534
-0.0109086534145813    0.330000000000000    0.00536007454021115
-0.0207494918278858    0.330000000000000    -0.00216116188370041
-0.0285592254108664    0.330000000000000    -0.0138757622581713
-0.0335733830268074    0.330000000000000    -0.0286370198781281
-0.0353011439925702    0.330000000000000    -0.0450000000000000
-0.0335733830268074    0.330000000000000    -0.0613629801218719
-0.0285592254108664    0.330000000000000    -0.0761242377418287
-0.0207494918278858    0.330000000000000    -0.0878388381162996
-0.0109086534145813    0.330000000000000    -0.0953600745402111
-6.48471494951114e-18    0.330000000000000    -0.0979517159888553
0.0109086534145813    0.330000000000000    -0.0953600745402111
0.0207494918278858    0.330000000000000    -0.0878388381162996
0.0285592254108664    0.330000000000000    -0.0761242377418287
0.0335733830268074    0.330000000000000    -0.0613629801218719
0.0353011439925702    0.330000000000000    -0.0450000000000000
0.0355166698755225    0.335833333333333    -0.0450000000000000
0.0337783603222195    0.335833333333333    -0.0285371181372882
0.0287335895129025    0.335833333333333    -0.0136857378549413
0.0208761747633725    0.335833333333333    -0.00189961573064629
0.0109752545751412    0.335833333333333    0.00566754048332922
2.17476880397159e-18    0.335833333333333    0.00827500481328380
-0.0109752545751412    0.335833333333333    0.00566754048332923
-0.0208761747633725    0.335833333333333    -0.00189961573064629
-0.0287335895129025    0.335833333333333    -0.0136857378549413
-0.0337783603222195    0.335833333333333    -0.0285371181372882
-0.0355166698755225    0.335833333333333    -0.0450000000000000
-0.0337783603222195    0.335833333333333    -0.0614628818627118
-0.0287335895129025    0.335833333333333    -0.0763142621450587
-0.0208761747633725    0.335833333333333    -0.0881003842693537
-0.0109752545751412    0.335833333333333    -0.0956675404833292
-6.52430641191478e-18    0.335833333333333    -0.0982750048132838
0.0109752545751412    0.335833333333333    -0.0956675404833292
0.0208761747633725    0.335833333333333    -0.0881003842693537
0.0287335895129025    0.335833333333333    -0.0763142621450587
0.0337783603222195    0.335833333333333    -0.0614628818627118
0.0355166698755225    0.335833333333333    -0.0450000000000000
0.0356939077161335    0.341666666666667    -0.0450000000000000
0.0339469235254666    0.341666666666667    -0.0284549638800955
0.0288769779380031    0.341666666666667    -0.0135294711716523
0.0209803525522318    0.341666666666667    -0.00168453309299538
0.0110300240799363    0.341666666666667    0.00592038528819996
2.18562149168120e-18    0.341666666666667    0.00854086157420027
-0.0110300240799363    0.341666666666667    0.00592038528819997
-0.0209803525522318    0.341666666666667    -0.00168453309299538
-0.0288769779380031    0.341666666666667    -0.0135294711716523
-0.0339469235254666    0.341666666666667    -0.0284549638800955
-0.0356939077161335    0.341666666666667    -0.0450000000000000
-0.0339469235254666    0.341666666666667    -0.0615450361199045
-0.0288769779380031    0.341666666666667    -0.0764705288283477
-0.0209803525522318    0.341666666666667    -0.0883154669070046
-0.0110300240799363    0.341666666666667    -0.0959203852882000
-6.55686447504359e-18    0.341666666666667    -0.0985408615742003
0.0110300240799363    0.341666666666667    -0.0959203852882000
0.0209803525522318    0.341666666666667    -0.0883154669070046
0.0288769779380031    0.341666666666667    -0.0764705288283477
0.0339469235254666    0.341666666666667    -0.0615450361199045
0.0356939077161335    0.341666666666667    -0.0450000000000000
0.0358316274081799    0.347500000000000    -0.0450000000000000
0.0340779027360095    0.347500000000000    -0.0283911272921419
0.0289883955093287    0.347500000000000    -0.0134080467657496
0.0210613021561669    0.347500000000000    -0.00151740673600699
0.0110725818052387    0.347500000000000    0.00611685410401425
2.19405439068340e-18    0.347500000000000    0.00874744111226982
-0.0110725818052387    0.347500000000000    0.00611685410401425
-0.0210613021561669    0.347500000000000    -0.00151740673600699
-0.0289883955093287    0.347500000000000    -0.0134080467657496
-0.0340779027360095    0.347500000000000    -0.0283911272921419
-0.0358316274081799    0.347500000000000    -0.0450000000000000
-0.0340779027360095    0.347500000000000    -0.0616088727078581
-0.0289883955093287    0.347500000000000    -0.0765919532342504
-0.0210613021561669    0.347500000000000    -0.0884825932639930
-0.0110725818052387    0.347500000000000    -0.0961168541040142
-6.58216317205021e-18    0.347500000000000    -0.0987474411122698
0.0110725818052387    0.347500000000000    -0.0961168541040142
0.0210613021561669    0.347500000000000    -0.0884825932639930
0.0289883955093287    0.347500000000000    -0.0765919532342504
0.0340779027360095    0.347500000000000    -0.0616088727078581
0.0358316274081799    0.347500000000000    -0.0450000000000000
0.0359288731182477    0.353333333333333    -0.0450000000000000
0.0341703889022513    0.353333333333333    -0.0283460514265804
0.0290670689414036    0.353333333333333    -0.0133223073744097
0.0211184617503935    0.353333333333333    -0.00139939658789455
0.0111026323822798    0.353333333333333    0.00625558335337693
2.20000897306167e-18    0.353333333333333    0.00889330967737161
-0.0111026323822798    0.353333333333333    0.00625558335337694
-0.0211184617503935    0.353333333333333    -0.00139939658789455
-0.0290670689414036    0.353333333333333    -0.0133223073744097
-0.0341703889022513    0.353333333333333    -0.0283460514265804
-0.0359288731182477    0.353333333333333    -0.0450000000000000
-0.0341703889022513    0.353333333333333    -0.0616539485734197
-0.0290670689414036    0.353333333333333    -0.0766776926255903
-0.0211184617503935    0.353333333333333    -0.0886006034121054
-0.0111026323822798    0.353333333333333    -0.0962555833533769
-6.60002691918502e-18    0.353333333333333    -0.0988933096773716
0.0111026323822798    0.353333333333333    -0.0962555833533769
0.0211184617503935    0.353333333333333    -0.0886006034121055
0.0290670689414036    0.353333333333333    -0.0766776926255903
0.0341703889022513    0.353333333333333    -0.0616539485734197
0.0359288731182477    0.353333333333333    -0.0450000000000000
0.0359849699196243    0.359166666666667    -0.0450000000000000
0.0342237401307438    0.359166666666667    -0.0283200491291472
0.0291124522070474    0.359166666666667    -0.0132728480655848
0.0211514346229434    0.359166666666667    -0.00133132168942895
0.0111199672472352    0.359166666666667    0.00633561019611571
2.20344391147409e-18    0.359166666666667    0.00897745487943649
-0.0111199672472352    0.359166666666667    0.00633561019611572
-0.0211514346229434    0.359166666666667    -0.00133132168942895
-0.0291124522070474    0.359166666666667    -0.0132728480655848
-0.0342237401307438    0.359166666666667    -0.0283200491291472
-0.0359849699196243    0.359166666666667    -0.0450000000000000
-0.0342237401307438    0.359166666666667    -0.0616799508708528
-0.0291124522070474    0.359166666666667    -0.0767271519344152
-0.0211514346229434    0.359166666666667    -0.0886686783105710
-0.0111199672472352    0.359166666666667    -0.0963356101961157
-6.61033173442226e-18    0.359166666666667    -0.0989774548794365
0.0111199672472352    0.359166666666667    -0.0963356101961157
0.0211514346229434    0.359166666666667    -0.0886686783105711
0.0291124522070474    0.359166666666667    -0.0767271519344152
0.0342237401307438    0.359166666666667    -0.0616799508708528
0.0359849699196243    0.359166666666667    -0.0450000000000000
0.0359995284765773    0.365000000000000    -0.0450000000000000
0.0342375861412017    0.365000000000000    -0.0283133008668792
0.0291242303270359    0.365000000000000    -0.0132600121079775
0.0211599919280150    0.365000000000000    -0.00131365450944621
0.0111244660887472    0.365000000000000    0.00635637921180261
2.20433536598272e-18    0.365000000000000    0.00899929271486587
-0.0111244660887472    0.365000000000000    0.00635637921180261
-0.0211599919280150    0.365000000000000    -0.00131365450944621
-0.0291242303270359    0.365000000000000    -0.0132600121079774
-0.0342375861412017    0.365000000000000    -0.0283133008668791
-0.0359995284765773    0.365000000000000    -0.0450000000000000
-0.0342375861412017    0.365000000000000    -0.0616866991331209
-0.0291242303270359    0.365000000000000    -0.0767399878920226
-0.0211599919280150    0.365000000000000    -0.0886863454905538
-0.0111244660887472    0.365000000000000    -0.0963563792118026
-6.61300609794815e-18    0.365000000000000    -0.0989992927148659
0.0111244660887472    0.365000000000000    -0.0963563792118026
0.0211599919280150    0.365000000000000    -0.0886863454905538
0.0291242303270359    0.365000000000000    -0.0767399878920226
0.0342375861412017    0.365000000000000    -0.0616866991331209
0.0359995284765773    0.365000000000000    -0.0450000000000000
0.0359724477465106    0.370833333333333    -0.0450000000000000
0.0342118308364058    0.370833333333333    -0.0283258534755952
0.0291023215561919    0.370833333333333    -0.0132838885886092
0.0211440742742605    0.370833333333333    -0.00134651766571223
0.0111160976829366    0.370833333333333    0.00631774625460872
2.20267714951298e-18    0.370833333333333    0.00895867161976589
-0.0111160976829366    0.370833333333333    0.00631774625460872
-0.0211440742742605    0.370833333333333    -0.00134651766571223
-0.0291023215561918    0.370833333333333    -0.0132838885886092
-0.0342118308364058    0.370833333333333    -0.0283258534755952
-0.0359724477465106    0.370833333333333    -0.0450000000000000
-0.0342118308364058    0.370833333333333    -0.0616741465244048
-0.0291023215561919    0.370833333333333    -0.0767161114113908
-0.0211440742742605    0.370833333333333    -0.0886534823342878
-0.0111160976829366    0.370833333333333    -0.0963177462546087
-6.60803144853894e-18    0.370833333333333    -0.0989586716197659
0.0111160976829365    0.370833333333333    -0.0963177462546087
0.0211440742742605    0.370833333333333    -0.0886534823342878
0.0291023215561918    0.370833333333333    -0.0767161114113908
0.0342118308364058    0.370833333333333    -0.0616741465244048
0.0359724477465106    0.370833333333333    -0.0450000000000000
0.0359039156812436    0.376666666666667    -0.0450000000000000
0.0341466529691585    0.376666666666667    -0.0283576198348358
0.0290468779507313    0.376666666666667    -0.0133443117945188
0.0211037921369875    0.376666666666667    -0.00142968307390311
0.0110949201101094    0.376666666666667    0.00621997945373774
2.19848077079457e-18    0.376666666666667    0.00885587352186544
-0.0110949201101094    0.376666666666667    0.00621997945373776
-0.0211037921369875    0.376666666666667    -0.00142968307390311
-0.0290468779507313    0.376666666666667    -0.0133443117945188
-0.0341466529691585    0.376666666666667    -0.0283576198348358
-0.0359039156812436    0.376666666666667    -0.0450000000000000
-0.0341466529691585    0.376666666666667    -0.0616423801651642
-0.0290468779507313    0.376666666666667    -0.0766556882054812
-0.0211037921369875    0.376666666666667    -0.0885703169260969
-0.0110949201101095    0.376666666666667    -0.0962199794537377
-6.59544231238372e-18    0.376666666666667    -0.0988558735218654
0.0110949201101094    0.376666666666667    -0.0962199794537378
0.0211037921369875    0.376666666666667    -0.0885703169260969
0.0290468779507313    0.376666666666667    -0.0766556882054812
0.0341466529691585    0.376666666666667    -0.0616423801651642
0.0359039156812436    0.376666666666667    -0.0450000000000000
0.0357944079225450    0.382500000000000    -0.0450000000000000
0.0340425049016633    0.382500000000000    -0.0284083794725165
0.0289582843129282    0.382500000000000    -0.0134408623628808
0.0210394250914128    0.382500000000000    -0.00156257353060776
0.0110610803516557    0.382500000000000    0.00606375735249493
2.19177535448597e-18    0.382500000000000    0.00869161188381749
-0.0110610803516557    0.382500000000000    0.00606375735249494
-0.0210394250914128    0.382500000000000    -0.00156257353060776
-0.0289582843129282    0.382500000000000    -0.0134408623628808
-0.0340425049016633    0.382500000000000    -0.0284083794725165
-0.0357944079225450    0.382500000000000    -0.0450000000000000
-0.0340425049016633    0.382500000000000    -0.0615916205274835
-0.0289582843129282    0.382500000000000    -0.0765591376371192
-0.0210394250914128    0.382500000000000    -0.0884374264693922
-0.0110610803516557    0.382500000000000    -0.0960637573524949
-6.57532606345791e-18    0.382500000000000    -0.0986916118838175
0.0110610803516557    0.382500000000000    -0.0960637573524949
0.0210394250914128    0.382500000000000    -0.0884374264693923
0.0289582843129282    0.382500000000000    -0.0765591376371192
0.0340425049016633    0.382500000000000    -0.0615916205274835
0.0357944079225450    0.382500000000000    -0.0450000000000000
0.0356446845009760    0.388333333333333    -0.0450000000000000
0.0339001094659381    0.388333333333333    -0.0284777800950977
0.0288371555204229    0.388333333333333    -0.0135728701915623
0.0209514198722918    0.388333333333333    -0.00174426671936571
0.0110148132699349    0.388333333333333    0.00585016419890710
2.18260743903687e-18    0.388333333333333    0.00846702675146397
-0.0110148132699349    0.388333333333333    0.00585016419890711
-0.0209514198722918    0.388333333333333    -0.00174426671936571
-0.0288371555204229    0.388333333333333    -0.0135728701915623
-0.0339001094659381    0.388333333333333    -0.0284777800950977
-0.0356446845009760    0.388333333333333    -0.0450000000000000
-0.0339001094659381    0.388333333333333    -0.0615222199049023
-0.0288371555204229    0.388333333333333    -0.0764271298084377
-0.0209514198722918    0.388333333333333    -0.0882557332806343
-0.0110148132699349    0.388333333333333    -0.0958501641989071
-6.54782231711062e-18    0.388333333333333    -0.0984670267514640
0.0110148132699349    0.388333333333333    -0.0958501641989071
0.0209514198722918    0.388333333333333    -0.0882557332806343
0.0288371555204229    0.388333333333333    -0.0764271298084377
0.0339001094659381    0.388333333333333    -0.0615222199049023
0.0356446845009760    0.388333333333333    -0.0450000000000000
0.0354557845609541    0.394166666666667    -0.0450000000000000
0.0337204549470525    0.394166666666667    -0.0285653400326525
0.0286843322587087    0.394166666666667    -0.0137394190899180
0.0208403872733880    0.394166666666667    -0.00197350161193689
0.0109564399782317    0.394166666666667    0.00558068242057873
2.17104065369153e-18    0.394166666666667    0.00818367684143113
-0.0109564399782317    0.394166666666667    0.00558068242057874
-0.0208403872733880    0.394166666666667    -0.00197350161193689
-0.0286843322587087    0.394166666666667    -0.0137394190899180
-0.0337204549470525    0.394166666666667    -0.0285653400326525
-0.0354557845609541    0.394166666666667    -0.0450000000000000
-0.0337204549470525    0.394166666666667    -0.0614346599673476
-0.0286843322587087    0.394166666666667    -0.0762605809100820
-0.0208403872733880    0.394166666666667    -0.0880264983880631
-0.0109564399782317    0.394166666666667    -0.0955806824205787
-6.51312196107458e-18    0.394166666666667    -0.0981836768414311
0.0109564399782317    0.394166666666667    -0.0955806824205787
0.0208403872733880    0.394166666666667    -0.0880264983880631
0.0286843322587087    0.394166666666667    -0.0762605809100820
0.0337204549470525    0.394166666666667    -0.0614346599673476
0.0354557845609541    0.394166666666667    -0.0450000000000000
0.0352290191486476    0.400000000000000    -0.0450000000000000
0.0335047882240080    0.400000000000000    -0.0286704515818612
0.0285008751864163    0.400000000000000    -0.0139393531375437
0.0207070979083042    0.400000000000000    -0.00224868722037548
0.0108863656120925    0.400000000000000    0.00525718233601205
2.15715527687460e-18    0.400000000000000    0.00784352872297139
-0.0108863656120925    0.400000000000000    0.00525718233601206
-0.0207070979083042    0.400000000000000    -0.00224868722037548
-0.0285008751864163    0.400000000000000    -0.0139393531375437
-0.0335047882240080    0.400000000000000    -0.0286704515818612
-0.0352290191486476    0.400000000000000    -0.0450000000000000
-0.0335047882240080    0.400000000000000    -0.0613295484181388
-0.0285008751864163    0.400000000000000    -0.0760606468624563
-0.0207070979083042    0.400000000000000    -0.0877513127796245
-0.0108863656120926    0.400000000000000    -0.0952571823360121
-6.47146583062381e-18    0.400000000000000    -0.0978435287229714
0.0108863656120925    0.400000000000000    -0.0952571823360121
0.0207070979083042    0.400000000000000    -0.0877513127796245
0.0285008751864163    0.400000000000000    -0.0760606468624563
0.0335047882240080    0.400000000000000    -0.0613295484181388
0.0352290191486476    0.400000000000000    -0.0450000000000000
0.0349659621127558    0.405833333333333    -0.0450000000000000
0.0332546061158658    0.405833333333333    -0.0287923852237319
0.0282880575738900    0.405833333333333    -0.0141712847068572
0.0205524768620952    0.405833333333333    -0.00256791363916507
0.0108050765175121    0.405833333333333    0.00488190917379874
2.14104767902470e-18    0.405833333333333    0.00744894316913364
-0.0108050765175121    0.405833333333333    0.00488190917379874
-0.0205524768620952    0.405833333333333    -0.00256791363916507
-0.0282880575738900    0.405833333333333    -0.0141712847068572
-0.0332546061158658    0.405833333333333    -0.0287923852237319
-0.0349659621127558    0.405833333333333    -0.0450000000000000
-0.0332546061158658    0.405833333333333    -0.0612076147762681
-0.0282880575738900    0.405833333333333    -0.0758287152931428
-0.0205524768620952    0.405833333333333    -0.0874320863608349
-0.0108050765175121    0.405833333333333    -0.0948819091737987
-6.42314303707410e-18    0.405833333333333    -0.0974489431691336
0.0108050765175121    0.405833333333333    -0.0948819091737987
0.0205524768620952    0.405833333333333    -0.0874320863608349
0.0282880575738900    0.405833333333333    -0.0758287152931428
0.0332546061158658    0.405833333333333    -0.0612076147762681
0.0349659621127558    0.405833333333333    -0.0450000000000000
0.0346684391813275    0.411666666666667    -0.0450000000000000
0.0329716449931838    0.411666666666667    -0.0289302946867733
0.0280473564661483    0.411666666666667    -0.0144336040938257
0.0203775972707829    0.411666666666667    -0.00292896530077762
0.0107131368754845    0.411666666666667    0.00445746748977564
2.12282965374237e-18    0.411666666666667    0.00700265877199129
-0.0107131368754845    0.411666666666667    0.00445746748977565
-0.0203775972707829    0.411666666666667    -0.00292896530077762
-0.0280473564661483    0.411666666666667    -0.0144336040938257
-0.0329716449931838    0.411666666666667    -0.0289302946867733
-0.0346684391813275    0.411666666666667    -0.0450000000000000
-0.0329716449931838    0.411666666666667    -0.0610697053132268
-0.0280473564661483    0.411666666666667    -0.0755663959061743
-0.0203775972707829    0.411666666666667    -0.0870710346992224
-0.0107131368754845    0.411666666666667    -0.0944574674897756
-6.36848896122712e-18    0.411666666666667    -0.0970026587719913
0.0107131368754845    0.411666666666667    -0.0944574674897757
0.0203775972707829    0.411666666666667    -0.0870710346992224
0.0280473564661483    0.411666666666667    -0.0755663959061743
0.0329716449931838    0.411666666666667    -0.0610697053132268
0.0346684391813275    0.411666666666667    -0.0450000000000000
0.0343385152904299    0.417500000000000    -0.0450000000000000
0.0326578687268642    0.417500000000000    -0.0290832228204797
0.0277804424315618    0.417500000000000    -0.0147244906899985
0.0201836728733343    0.417500000000000    -0.00332933635265728
0.0106111847863468    0.417500000000000    0.00398680309029625
2.10262764189487e-18    0.417500000000000    0.00650777293564492
-0.0106111847863468    0.417500000000000    0.00398680309029626
-0.0201836728733343    0.417500000000000    -0.00332933635265728
-0.0277804424315618    0.417500000000000    -0.0147244906899985
-0.0326578687268642    0.417500000000000    -0.0290832228204797
-0.0343385152904299    0.417500000000000    -0.0450000000000000
-0.0326578687268642    0.417500000000000    -0.0609167771795203
-0.0277804424315618    0.417500000000000    -0.0752755093100015
-0.0201836728733343    0.417500000000000    -0.0866706636473427
-0.0106111847863468    0.417500000000000    -0.0939868030902963
-6.30788292568462e-18    0.417500000000000    -0.0965077729356449
0.0106111847863468    0.417500000000000    -0.0939868030902963
0.0201836728733343    0.417500000000000    -0.0866706636473427
0.0277804424315618    0.417500000000000    -0.0752755093100015
0.0326578687268642    0.417500000000000    -0.0609167771795203
0.0343385152904299    0.417500000000000    -0.0450000000000000
0.0339784802526110    0.423333333333333    -0.0450000000000000
0.0323154550580519    0.423333333333333    -0.0292501082383645
0.0274891679673959    0.423333333333333    -0.0150419256183063
0.0199720495877958    0.423333333333333    -0.00376624804890620
0.0104999278410904    0.423333333333333    0.00347318258707785
2.08058185406258e-18    0.423333333333333    0.00596772037891652
-0.0104999278410904    0.423333333333333    0.00347318258707786
-0.0199720495877958    0.423333333333333    -0.00376624804890620
-0.0274891679673959    0.423333333333333    -0.0150419256183063
-0.0323154550580519    0.423333333333333    -0.0292501082383645
-0.0339784802526110    0.423333333333333    -0.0450000000000000
-0.0323154550580519    0.423333333333333    -0.0607498917616356
-0.0274891679673959    0.423333333333333    -0.0749580743816937
-0.0199720495877958    0.423333333333333    -0.0862337519510938
-0.0104999278410904    0.423333333333333    -0.0934731825870779
-6.24174556218774e-18    0.423333333333333    -0.0959677203789165
0.0104999278410904    0.423333333333333    -0.0934731825870779
0.0199720495877958    0.423333333333333    -0.0862337519510938
0.0274891679673959    0.423333333333333    -0.0749580743816937
0.0323154550580519    0.423333333333333    -0.0607498917616356
0.0339784802526110    0.423333333333333    -0.0450000000000000
0.0335908328646237    0.429166666666667    -0.0450000000000000
0.0319467804836818    0.429166666666667    -0.0294297926844342
0.0271755546426891    0.429166666666667    -0.0153837057449293
0.0197441961700472    0.429166666666667    -0.00423666803596635
0.0103801382103772    0.429166666666667    0.00292017072552271
2.05684529741776e-18    0.429166666666667    0.00538624929693561
-0.0103801382103772    0.429166666666667    0.00292017072552272
-0.0197441961700472    0.429166666666667    -0.00423666803596635
-0.0271755546426891    0.429166666666667    -0.0153837057449292
-0.0319467804836818    0.429166666666667    -0.0294297926844341
-0.0335908328646237    0.429166666666667    -0.0450000000000000
-0.0319467804836818    0.429166666666667    -0.0605702073155659
-0.0271755546426891    0.429166666666667    -0.0746162942550707
-0.0197441961700472    0.429166666666667    -0.0857633319640336
-0.0103801382103772    0.429166666666667    -0.0929201707255227
-6.17053589225328e-18    0.429166666666667    -0.0953862492969356
0.0103801382103772    0.429166666666667    -0.0929201707255227
0.0197441961700472    0.429166666666667    -0.0857633319640337
0.0271755546426891    0.429166666666667    -0.0746162942550708
0.0319467804836818    0.429166666666667    -0.0605702073155659
0.0335908328646237    0.429166666666667    -0.0450000000000000
0.0331782635647107    0.435000000000000    -0.0450000000000000
0.0315544037625762    0.435000000000000    -0.0296210290719799
0.0268417790677021    0.435000000000000    -0.0157474589699855
0.0195016940200096    0.435000000000000    -0.00473733139844689
0.0102526472853467    0.435000000000000    0.00233160564386426
2.03158271378951e-18    0.435000000000000    0.00476739534706604
-0.0102526472853467    0.435000000000000    0.00233160564386427
-0.0195016940200096    0.435000000000000    -0.00473733139844689
-0.0268417790677021    0.435000000000000    -0.0157474589699855
-0.0315544037625762    0.435000000000000    -0.0296210290719799
-0.0331782635647107    0.435000000000000    -0.0450000000000000
-0.0315544037625762    0.435000000000000    -0.0603789709280201
-0.0268417790677021    0.435000000000000    -0.0742525410300145
-0.0195016940200096    0.435000000000000    -0.0852626686015531
-0.0102526472853467    0.435000000000000    -0.0923316056438643
-6.09474814136853e-18    0.435000000000000    -0.0947673953470660
0.0102526472853467    0.435000000000000    -0.0923316056438643
0.0195016940200096    0.435000000000000    -0.0852626686015531
0.0268417790677021    0.435000000000000    -0.0742525410300145
0.0315544037625762    0.435000000000000    -0.0603789709280201
0.0331782635647107    0.435000000000000    -0.0450000000000000
0.0327436357598149    0.440833333333333    -0.0450000000000000
0.0311410481565669    0.440833333333333    -0.0298224901388909
0.0264901577873135    0.440833333333333    -0.0161306606909166
0.0192462262060556    0.440833333333333    -0.00526476331902979
0.0101183399074060    0.440833333333333    0.00171157223485042
2.00496943628520e-18    0.440833333333333    0.00411545363972231
-0.0101183399074060    0.440833333333333    0.00171157223485043
-0.0192462262060556    0.440833333333333    -0.00526476331902979
-0.0264901577873135    0.440833333333333    -0.0161306606909165
-0.0311410481565669    0.440833333333333    -0.0298224901388909
-0.0327436357598149    0.440833333333333    -0.0450000000000000
-0.0311410481565669    0.440833333333333    -0.0601775098611091
-0.0264901577873135    0.440833333333333    -0.0738693393090834
-0.0192462262060556    0.440833333333333    -0.0847352366809702
-0.0101183399074060    0.440833333333333    -0.0917115722348504
-6.01490830885561e-18    0.440833333333333    -0.0941154536397223
0.0101183399074060    0.440833333333333    -0.0917115722348504
0.0192462262060556    0.440833333333333    -0.0847352366809702
0.0264901577873135    0.440833333333333    -0.0738693393090835
0.0311410481565669    0.440833333333333    -0.0601775098611091
0.0327436357598149    0.440833333333333    -0.0450000000000000
0.0322899659523140    0.446666666666667    -0.0450000000000000
0.0307095825298969    0.446666666666667    -0.0300327776594198
0.0261231312032105    0.446666666666667    -0.0165306513243056
0.0189795657837962    0.446666666666667    -0.00581530319518432
0.00997814822705346    0.446666666666667    0.00106437379484529
1.97719017240392e-18    0.446666666666667    0.00343494892847099
-0.00997814822705345    0.446666666666667    0.00106437379484530
-0.0189795657837962    0.446666666666667    -0.00581530319518432
-0.0261231312032105    0.446666666666667    -0.0165306513243056
-0.0307095825298969    0.446666666666667    -0.0300327776594198
-0.0322899659523140    0.446666666666667    -0.0450000000000000
-0.0307095825298969    0.446666666666667    -0.0599672223405802
-0.0261231312032105    0.446666666666667    -0.0734693486756944
-0.0189795657837962    0.446666666666667    -0.0841846968048157
-0.00997814822705346    0.446666666666667    -0.0910643737948453
-5.93157051721175e-18    0.446666666666667    -0.0934349489284710
0.00997814822705345    0.446666666666667    -0.0910643737948453
0.0189795657837962    0.446666666666667    -0.0841846968048157
0.0261231312032105    0.446666666666667    -0.0734693486756944
0.0307095825298969    0.446666666666667    -0.0599672223405802
0.0322899659523140    0.446666666666667    -0.0450000000000000
0.0318204028042071    0.452500000000000    -0.0450000000000000
0.0302630014380778    0.452500000000000    -0.0302504321484656
0.0257432466364598    0.452500000000000    -0.0169446547645215
0.0187035634903190    0.452500000000000    -0.00638513004531029
0.00983304523435624    0.452500000000000    0.000394502157116672
1.94843772208759e-18    0.452500000000000    0.00273060420631072
-0.00983304523435624    0.452500000000000    0.000394502157116679
-0.0187035634903190    0.452500000000000    -0.00638513004531029
-0.0257432466364598    0.452500000000000    -0.0169446547645215
-0.0302630014380778    0.452500000000000    -0.0302504321484656
-0.0318204028042071    0.452500000000000    -0.0450000000000000
-0.0302630014380778    0.452500000000000    -0.0597495678515344
-0.0257432466364598    0.452500000000000    -0.0730553452354785
-0.0187035634903190    0.452500000000000    -0.0836148699546897
-0.00983304523435624    0.452500000000000    -0.0903945021571167
-5.84531316626276e-18    0.452500000000000    -0.0927306042063107
0.00983304523435623    0.452500000000000    -0.0903945021571167
0.0187035634903190    0.452500000000000    -0.0836148699546897
0.0257432466364598    0.452500000000000    -0.0730553452354785
0.0302630014380778    0.452500000000000    -0.0597495678515344
0.0318204028042071    0.452500000000000    -0.0450000000000000
0.0313382052840573    0.458333333333333    -0.0450000000000000
0.0298044043443979    0.458333333333333    -0.0304739429910233
0.0253531406480131    0.458333333333333    -0.0173697976510756
0.0184201348992829    0.458333333333333    -0.00697028902798032
0.00968403800598448    0.458333333333333    -0.000293393483403161
1.91891163960717e-18    0.458333333333333    0.00200730792608593
-0.00968403800598448    0.458333333333333    -0.000293393483403154
-0.0184201348992829    0.458333333333333    -0.00697028902798032
-0.0253531406480131    0.458333333333333    -0.0173697976510756
-0.0298044043443979    0.458333333333333    -0.0304739429910233
-0.0313382052840573    0.458333333333333    -0.0450000000000000
-0.0298044043443979    0.458333333333333    -0.0595260570089767
-0.0253531406480131    0.458333333333333    -0.0726302023489244
-0.0184201348992829    0.458333333333333    -0.0830297109720197
-0.00968403800598448    0.458333333333333    -0.0897066065165968
-5.75673491882151e-18    0.458333333333333    -0.0920073079260859
0.00968403800598447    0.458333333333333    -0.0897066065165968
0.0184201348992829    0.458333333333333    -0.0830297109720197
0.0253531406480131    0.458333333333333    -0.0726302023489244
0.0298044043443979    0.458333333333333    -0.0595260570089767
0.0313382052840573    0.458333333333333    -0.0450000000000000
0.0308467200483592    0.464166666666667    -0.0450000000000000
0.0293369741083244    0.464166666666667    -0.0307017589264959
0.0249555207398490    0.464166666666667    -0.0178031293109698
0.0181312471260201    0.464166666666667    -0.00756671889022650
0.00953216071566940    0.464166666666667    -0.000994538837513437
1.88881684857088e-18    0.464166666666667    0.00127008007253881
-0.00953216071566939    0.464166666666667    -0.000994538837513430
-0.0181312471260201    0.464166666666667    -0.00756671889022650
-0.0249555207398490    0.464166666666667    -0.0178031293109698
-0.0293369741083244    0.464166666666667    -0.0307017589264959
-0.0308467200483592    0.464166666666667    -0.0450000000000000
-0.0293369741083244    0.464166666666667    -0.0592982410735041
-0.0249555207398490    0.464166666666667    -0.0721968706890302
-0.0181312471260201    0.464166666666667    -0.0824332811097735
-0.00953216071566940    0.464166666666667    -0.0890054611624866
-5.66645054571264e-18    0.464166666666667    -0.0912700800725388
0.00953216071566939    0.464166666666667    -0.0890054611624866
0.0181312471260201    0.464166666666667    -0.0824332811097735
0.0249555207398490    0.464166666666667    -0.0721968706890302
0.0293369741083244    0.464166666666667    -0.0592982410735041
0.0308467200483592    0.464166666666667    -0.0450000000000000
0.0303493582143157    0.470000000000000    -0.0450000000000000
0.0288639548951008    0.470000000000000    -0.0309322988151053
0.0245531465637543    0.470000000000000    -0.0182416422376257
0.0178389051749162    0.470000000000000    -0.00817028015436856
0.00937846745659646    0.470000000000000    -0.00170406765734883
1.85836221966691e-18    0.470000000000000    0.000524037321473526
-0.00937846745659645    0.470000000000000    -0.00170406765734882
-0.0178389051749162    0.470000000000000    -0.00817028015436856
-0.0245531465637543    0.470000000000000    -0.0182416422376257
-0.0288639548951008    0.470000000000000    -0.0309322988151053
-0.0303493582143157    0.470000000000000    -0.0450000000000000
-0.0288639548951008    0.470000000000000    -0.0590677011848947
-0.0245531465637543    0.470000000000000    -0.0717583577623743
-0.0178389051749162    0.470000000000000    -0.0818297198456314
-0.00937846745659646    0.470000000000000    -0.0882959323426512
-5.57508665900072e-18    0.470000000000000    -0.0905240373214735
0.00937846745659645    0.470000000000000    -0.0882959323426512
0.0178389051749162    0.470000000000000    -0.0818297198456315
0.0245531465637543    0.470000000000000    -0.0717583577623743
0.0288639548951008    0.470000000000000    -0.0590677011848947
0.0303493582143157    0.470000000000000    -0.0450000000000000
0.0298495716852290    0.475833333333333    -0.0450000000000000
0.0283886296598563    0.475833333333333    -0.0311639626116765
0.0241488107681635    0.475833333333333    -0.0186822929642631
0.0175451380238246    0.475833333333333    -0.00877678384775477
0.00922402492554900    0.475833333333333    -0.00241705551021550
1.82775912101176e-18    0.475833333333333    -0.000225642472156520
-0.00922402492554899    0.475833333333333    -0.00241705551021549
-0.0175451380238246    0.475833333333333    -0.00877678384775477
-0.0241488107681635    0.475833333333333    -0.0186822929642631
-0.0283886296598563    0.475833333333333    -0.0311639626116765
-0.0298495716852290    0.475833333333333    -0.0450000000000000
-0.0283886296598563    0.475833333333333    -0.0588360373883235
-0.0241488107681635    0.475833333333333    -0.0713177070357369
-0.0175451380238246    0.475833333333333    -0.0812232161522452
-0.00922402492554900    0.475833333333333    -0.0875829444897845
-5.48327736303527e-18    0.475833333333333    -0.0897743575278435
0.00922402492554899    0.475833333333333    -0.0875829444897845
0.0175451380238246    0.475833333333333    -0.0812232161522452
0.0241488107681635    0.475833333333333    -0.0713177070357369
0.0283886296598563    0.475833333333333    -0.0588360373883235
0.0298495716852290    0.475833333333333    -0.0450000000000000
0.0293508291928194    0.481666666666667    -0.0450000000000000
0.0279142973624969    0.481666666666667    -0.0313951424706338
0.0237453196159872    0.481666666666667    -0.0191220231868581
0.0172519845420946    0.481666666666667    -0.00938202057601924
0.00906990501957750    0.481666666666667    -0.00312855395625471
1.79721995116535e-18    0.481666666666667    -0.000973756210770976
-0.00906990501957750    0.481666666666667    -0.00312855395625470
-0.0172519845420946    0.481666666666667    -0.00938202057601924
-0.0237453196159872    0.481666666666667    -0.0191220231868581
-0.0279142973624969    0.481666666666667    -0.0313951424706338
-0.0293508291928194    0.481666666666667    -0.0450000000000000
-0.0279142973624969    0.481666666666667    -0.0586048575293663
-0.0237453196159872    0.481666666666667    -0.0708779768131419
-0.0172519845420946    0.481666666666667    -0.0806179794239808
-0.00906990501957750    0.481666666666667    -0.0868714460437453
-5.39165985349604e-18    0.481666666666667    -0.0890262437892290
0.00906990501957749    0.481666666666667    -0.0868714460437453
0.0172519845420946    0.481666666666667    -0.0806179794239808
0.0237453196159872    0.481666666666667    -0.0708779768131419
0.0279142973624969    0.481666666666667    -0.0586048575293663
0.0293508291928194    0.481666666666667    -0.0450000000000000
0.0288565922227471    0.487500000000000    -0.0450000000000000
0.0274442500715157    0.487500000000000    -0.0316242339051348
0.0233454735079503    0.487500000000000    -0.0195577809900774
0.0169614793399484    0.487500000000000    -0.00998178973807450
0.00891717739657679    0.487500000000000    -0.00383362489272649
1.76695666499438e-18    0.487500000000000    -0.00171511166587936
-0.00891717739657679    0.487500000000000    -0.00383362489272649
-0.0169614793399484    0.487500000000000    -0.00998178973807450
-0.0233454735079503    0.487500000000000    -0.0195577809900774
-0.0274442500715157    0.487500000000000    -0.0316242339051348
-0.0288565922227471    0.487500000000000    -0.0450000000000000
-0.0274442500715157    0.487500000000000    -0.0583757660948652
-0.0233454735079503    0.487500000000000    -0.0704422190099226
-0.0169614793399484    0.487500000000000    -0.0800182102619255
-0.00891717739657679    0.487500000000000    -0.0861663751072735
-5.30086999498314e-18    0.487500000000000    -0.0882848883341206
0.00891717739657678    0.487500000000000    -0.0861663751072735
0.0169614793399484    0.487500000000000    -0.0800182102619255
0.0233454735079503    0.487500000000000    -0.0704422190099226
0.0274442500715157    0.487500000000000    -0.0583757660948652
0.0288565922227471    0.487500000000000    -0.0450000000000000
0.0283702909904254    0.493333333333333    -0.0450000000000000
0.0269817501156338    0.493333333333333    -0.0318496469228941
0.0229520475466166    0.493333333333333    -0.0199865420288729
0.0166756386474181    0.493333333333333    -0.0105719286800750
0.00876690205140392    0.493333333333333    -0.00452737482654930
1.73717930261518e-18    0.493333333333333    -0.00244456351436183
-0.00876690205140392    0.493333333333333    -0.00452737482654929
-0.0166756386474181    0.493333333333333    -0.0105719286800750
-0.0229520475466166    0.493333333333333    -0.0199865420288728
-0.0269817501156338    0.493333333333333    -0.0318496469228941
-0.0283702909904254    0.493333333333333    -0.0450000000000000
-0.0269817501156338    0.493333333333333    -0.0581503530771059
-0.0229520475466166    0.493333333333333    -0.0700134579711271
-0.0166756386474181    0.493333333333333    -0.0794280713199250
-0.00876690205140392    0.493333333333333    -0.0854726251734507
-5.21153790784553e-18    0.493333333333333    -0.0875554364856382
0.00876690205140391    0.493333333333333    -0.0854726251734507
0.0166756386474181    0.493333333333333    -0.0794280713199250
0.0229520475466166    0.493333333333333    -0.0700134579711272
0.0269817501156338    0.493333333333333    -0.0581503530771059
0.0283702909904254    0.493333333333333    -0.0450000000000000
0.0278953006338623    0.499166666666667    -0.0450000000000000
0.0265300074418470    0.499166666666667    -0.0320698170614075
0.0225677722759928    0.499166666666667    -0.0204053305187263
0.0163964463208491    0.499166666666667    -0.0111483415860108
0.00862012195906169    0.499166666666667    -0.00520498883722943
1.70809453162563e-18    0.499166666666667    -0.00315704904920658
-0.00862012195906169    0.499166666666667    -0.00520498883722942
-0.0163964463208491    0.499166666666667    -0.0111483415860108
-0.0225677722759928    0.499166666666667    -0.0204053305187263
-0.0265300074418470    0.499166666666667    -0.0320698170614075
-0.0278953006338623    0.499166666666667    -0.0450000000000000
-0.0265300074418470    0.499166666666667    -0.0579301829385925
-0.0225677722759928    0.499166666666667    -0.0695946694812737
-0.0163964463208491    0.499166666666667    -0.0788516584139892
-0.00862012195906169    0.499166666666667    -0.0847950111627706
-5.12428359487689e-18    0.499166666666667    -0.0868429509507934
0.00862012195906168    0.499166666666667    -0.0847950111627706
0.0163964463208491    0.499166666666667    -0.0788516584139893
0.0225677722759928    0.499166666666667    -0.0695946694812737
0.0265300074418470    0.499166666666667    -0.0579301829385925
0.0278953006338623    0.499166666666667    -0.0450000000000000
0.0274349177887625    0.505000000000000    -0.0450000000000000
0.0260921573370244    0.505000000000000    -0.0322832162459892
0.0221953147303884    0.505000000000000    -0.0208112398888635
0.0161258400740910    0.505000000000000    -0.0117070279044174
0.00847785583600717    0.505000000000000    -0.00586176399446339
1.67990421274394e-18    0.505000000000000    -0.00384762331685623
-0.00847785583600717    0.505000000000000    -0.00586176399446338
-0.0161258400740910    0.505000000000000    -0.0117070279044174
-0.0221953147303884    0.505000000000000    -0.0208112398888634
-0.0260921573370244    0.505000000000000    -0.0322832162459892
-0.0274349177887625    0.505000000000000    -0.0450000000000000
-0.0260921573370244    0.505000000000000    -0.0577167837540108
-0.0221953147303884    0.505000000000000    -0.0691887601111366
-0.0161258400740910    0.505000000000000    -0.0782929720955826
-0.00847785583600717    0.505000000000000    -0.0841382360055366
-5.03971263823182e-18    0.505000000000000    -0.0861523766831438
0.00847785583600717    0.505000000000000    -0.0841382360055366
0.0161258400740910    0.505000000000000    -0.0782929720955826
0.0221953147303884    0.505000000000000    -0.0691887601111366
0.0260921573370244    0.505000000000000    -0.0577167837540108
0.0274349177887625    0.505000000000000    -0.0450000000000000
0.0269923377084699    0.510833333333333    -0.0450000000000000
0.0256712386676797    0.510833333333333    -0.0324883633952626
0.0218372599240599    0.510833333333333    -0.0212014529550950
0.0158656980299366    0.510833333333333    -0.0122441101139101
0.00834109106982493    0.510833333333333    -0.00649314199848042
1.65280399880911e-18    0.510833333333333    -0.00451149343729510
-0.00834109106982493    0.510833333333333    -0.00649314199848042
-0.0158656980299366    0.510833333333333    -0.0122441101139101
-0.0218372599240599    0.510833333333333    -0.0212014529550950
-0.0256712386676797    0.510833333333333    -0.0324883633952626
-0.0269923377084699    0.510833333333333    -0.0450000000000000
-0.0256712386676797    0.510833333333333    -0.0575116366047374
-0.0218372599240599    0.510833333333333    -0.0687985470449049
-0.0158656980299366    0.510833333333333    -0.0777558898860898
-0.00834109106982494    0.510833333333333    -0.0835068580015196
-4.95841199642731e-18    0.510833333333333    -0.0854885065627049
0.00834109106982493    0.510833333333333    -0.0835068580015196
0.0158656980299366    0.510833333333333    -0.0777558898860899
0.0218372599240599    0.510833333333333    -0.0687985470449050
0.0256712386676797    0.510833333333333    -0.0575116366047374
0.0269923377084699    0.510833333333333    -0.0450000000000000
0.0265706320875459    0.516666666666667    -0.0450000000000000
0.0252701727889417    0.516666666666667    -0.0326838347004960
0.0214960929101089    0.516666666666667    -0.0215732614722770
0.0156178256851487    0.516666666666667    -0.0127558606348366
0.00821077686633598    0.516666666666667    -0.00709474081658751
1.62698197686675e-18    0.516666666666667    -0.00514405186868110
-0.00821077686633598    0.516666666666667    -0.00709474081658750
-0.0156178256851487    0.516666666666667    -0.0127558606348366
-0.0214960929101089    0.516666666666667    -0.0215732614722770
-0.0252701727889417    0.516666666666667    -0.0326838347004960
-0.0265706320875459    0.516666666666667    -0.0450000000000000
-0.0252701727889417    0.516666666666667    -0.0573161652995040
-0.0214960929101089    0.516666666666667    -0.0684267385277230
-0.0156178256851487    0.516666666666667    -0.0772441393651634
-0.00821077686633598    0.516666666666667    -0.0829052591834125
-4.88094593060026e-18    0.516666666666667    -0.0848559481313189
0.00821077686633598    0.516666666666667    -0.0829052591834125
0.0156178256851487    0.516666666666667    -0.0772441393651634
0.0214960929101089    0.516666666666667    -0.0684267385277230
0.0252701727889417    0.516666666666667    -0.0573161652995040
0.0265706320875459    0.516666666666667    -0.0450000000000000
0.0261727277428989    0.522500000000000    -0.0450000000000000
0.0248917432691029    0.522500000000000    -0.0328682735074434
0.0211741815331539    0.522500000000000    -0.0219240849306869
0.0153839433795420    0.522500000000000    -0.0132387277002692
0.00808781766170442    0.522500000000000    -0.00766238509634559
1.60261736276481e-18    0.522500000000000    -0.00574090838565166
-0.00808781766170442    0.522500000000000    -0.00766238509634559
-0.0153839433795420    0.522500000000000    -0.0132387277002692
-0.0211741815331539    0.522500000000000    -0.0219240849306869
-0.0248917432691029    0.522500000000000    -0.0328682735074434
-0.0261727277428989    0.522500000000000    -0.0450000000000000
-0.0248917432691029    0.522500000000000    -0.0571317264925566
-0.0211741815331539    0.522500000000000    -0.0680759150693130
-0.0153839433795420    0.522500000000000    -0.0767612722997308
-0.00808781766170442    0.522500000000000    -0.0823376149036544
-4.80785208829444e-18    0.522500000000000    -0.0842590916143483
0.00808781766170441    0.522500000000000    -0.0823376149036544
0.0153839433795420    0.522500000000000    -0.0767612722997308
0.0211741815331539    0.522500000000000    -0.0680759150693131
0.0248917432691029    0.522500000000000    -0.0571317264925566
0.0261727277428989    0.522500000000000    -0.0450000000000000
0.0258013863004262    0.528333333333333    -0.0450000000000000
0.0245385765704688    0.528333333333333    -0.0330403997321030
0.0208737599954777    0.528333333333333    -0.0222514884658627
0.0151656743560916    0.528333333333333    -0.0136893600067834
0.00797306684526464    0.528333333333333    -0.00819213514429676
1.57987925731906e-18    0.528333333333333    -0.00629792054936072
-0.00797306684526464    0.528333333333333    -0.00819213514429675
-0.0151656743560916    0.528333333333333    -0.0136893600067834
-0.0208737599954777    0.528333333333333    -0.0222514884658626
-0.0245385765704688    0.528333333333333    -0.0330403997321030
-0.0258013863004262    0.528333333333333    -0.0450000000000000
-0.0245385765704688    0.528333333333333    -0.0569596002678970
-0.0208737599954777    0.528333333333333    -0.0677485115341373
-0.0151656743560916    0.528333333333333    -0.0763106399932166
-0.00797306684526465    0.528333333333333    -0.0818078648557032
-4.73963777195719e-18    0.528333333333333    -0.0837020794506393
0.00797306684526464    0.528333333333333    -0.0818078648557032
0.0151656743560916    0.528333333333333    -0.0763106399932166
0.0208737599954777    0.528333333333333    -0.0677485115341374
0.0245385765704688    0.528333333333333    -0.0569596002678970
0.0258013863004262    0.528333333333333    -0.0450000000000000
0.0254591850281524    0.534166666666667    -0.0450000000000000
0.0242131238205884    0.534166666666667    -0.0331990187450470
0.0205969133507115    0.534166666666667    -0.0225531997576000
0.0149645334949333    0.534166666666667    -0.0141046299739327
0.00786732083663533    0.534166666666667    -0.00868031426911743
1.55892547268135e-18    0.534166666666667    -0.00681122245777135
-0.00786732083663532    0.534166666666667    -0.00868031426911742
-0.0149645334949333    0.534166666666667    -0.0141046299739327
-0.0205969133507115    0.534166666666667    -0.0225531997576000
-0.0242131238205884    0.534166666666667    -0.0331990187450470
-0.0254591850281524    0.534166666666667    -0.0450000000000000
-0.0242131238205884    0.534166666666667    -0.0568009812549530
-0.0205969133507115    0.534166666666667    -0.0674468002424000
-0.0149645334949333    0.534166666666667    -0.0758953700260673
-0.00786732083663533    0.534166666666667    -0.0813196857308826
-4.67677641804406e-18    0.534166666666667    -0.0831887775422286
0.00786732083663532    0.534166666666667    -0.0813196857308826
0.0149645334949333    0.534166666666667    -0.0758953700260673
0.0205969133507115    0.534166666666667    -0.0674468002424000
0.0242131238205884    0.534166666666667    -0.0568009812549530
0.0254591850281524    0.534166666666667    -0.0450000000000000
0.0251484989488899    0.540000000000000    -0.0450000000000000
0.0239176438003835    0.540000000000000    -0.0333430296626588
0.0203455630326724    0.540000000000000    -0.0228271248008246
0.0147819167994502    0.540000000000000    -0.0144816554509914
0.00777131355822748    0.540000000000000    -0.00912353429942468
1.53990143705593e-18    0.540000000000000    -0.00727725157666517
-0.00777131355822748    0.540000000000000    -0.00912353429942468
-0.0147819167994502    0.540000000000000    -0.0144816554509914
-0.0203455630326724    0.540000000000000    -0.0228271248008246
-0.0239176438003835    0.540000000000000    -0.0333430296626588
-0.0251484989488899    0.540000000000000    -0.0450000000000000
-0.0239176438003835    0.540000000000000    -0.0566569703373412
-0.0203455630326724    0.540000000000000    -0.0671728751991754
-0.0147819167994502    0.540000000000000    -0.0755183445490086
-0.00777131355822748    0.540000000000000    -0.0808764657005753
-4.61970431116779e-18    0.540000000000000    -0.0827227484233348
0.00777131355822747    0.540000000000000    -0.0808764657005753
0.0147819167994502    0.540000000000000    -0.0755183445490086
0.0203455630326724    0.540000000000000    -0.0671728751991754
0.0239176438003835    0.540000000000000    -0.0566569703373412
0.0251484989488899    0.540000000000000    -0.0450000000000000
0.0248714843565670    0.545833333333333    -0.0450000000000000
0.0236541872672460    0.545833333333333    -0.0334714329877352
0.0201214535197933    0.545833333333333    -0.0230713624388805
0.0146190917074130    0.545833333333333    -0.0148178197203100
0.00768571134150985    0.545833333333333    -0.00951871909913103
1.52293918536566e-18    0.545833333333333    -0.00769277346514956
-0.00768571134150984    0.545833333333333    -0.00951871909913103
-0.0146190917074130    0.545833333333333    -0.0148178197203100
-0.0201214535197933    0.545833333333333    -0.0230713624388805
-0.0236541872672460    0.545833333333333    -0.0334714329877352
-0.0248714843565670    0.545833333333333    -0.0450000000000000
-0.0236541872672460    0.545833333333333    -0.0565285670122648
-0.0201214535197933    0.545833333333333    -0.0669286375611195
-0.0146190917074130    0.545833333333333    -0.0751821802796900
-0.00768571134150985    0.545833333333333    -0.0804812809008690
-4.56881755609698e-18    0.545833333333333    -0.0823072265348504
0.00768571134150984    0.545833333333333    -0.0804812809008690
0.0146190917074130    0.545833333333333    -0.0751821802796900
0.0201214535197933    0.545833333333333    -0.0669286375611195
0.0236541872672460    0.545833333333333    -0.0565285670122648
0.0248714843565670    0.545833333333333    -0.0450000000000000
0.0246300638506285    0.551666666666667    -0.0450000000000000
0.0234245827219059    0.551666666666667    -0.0335833375464236
0.0199261402276985    0.551666666666667    -0.0232842175583679
0.0144771882944214    0.551666666666667    -0.0151107896584522
0.00761110830238426    0.551666666666667    -0.00986312591714109
1.50815644287336e-18    0.551666666666667    -0.00805490422405725
-0.00761110830238426    0.551666666666667    -0.00986312591714109
-0.0144771882944214    0.551666666666667    -0.0151107896584522
-0.0199261402276985    0.551666666666667    -0.0232842175583679
-0.0234245827219059    0.551666666666667    -0.0335833375464236
-0.0246300638506285    0.551666666666667    -0.0450000000000000
-0.0234245827219059    0.551666666666667    -0.0564166624535764
-0.0199261402276985    0.551666666666667    -0.0667157824416321
-0.0144771882944214    0.551666666666667    -0.0748892103415478
-0.00761110830238427    0.551666666666667    -0.0801368740828589
-4.52446932862007e-18    0.551666666666667    -0.0819450957759428
0.00761110830238426    0.551666666666667    -0.0801368740828589
0.0144771882944214    0.551666666666667    -0.0748892103415478
0.0199261402276985    0.551666666666667    -0.0667157824416321
0.0234245827219059    0.551666666666667    -0.0564166624535764
0.0246300638506285    0.551666666666667    -0.0450000000000000
0.0244259129923754    0.557500000000000    -0.0450000000000000
0.0232304237178571    0.557500000000000    -0.0336779666733483
0.0197609787139556    0.557500000000000    -0.0234642128539539
0.0143571914306974    0.557500000000000    -0.0153585319290667
0.00754802221776783    0.557500000000000    -0.0101543644232143
1.49565580811822e-18    0.557500000000000    -0.00836113051143685
-0.00754802221776783    0.557500000000000    -0.0101543644232143
-0.0143571914306974    0.557500000000000    -0.0153585319290667
-0.0197609787139555    0.557500000000000    -0.0234642128539539
-0.0232304237178571    0.557500000000000    -0.0336779666733482
-0.0244259129923754    0.557500000000000    -0.0450000000000000
-0.0232304237178571    0.557500000000000    -0.0563220333266518
-0.0197609787139556    0.557500000000000    -0.0665357871460461
-0.0143571914306974    0.557500000000000    -0.0746414680709333
-0.00754802221776784    0.557500000000000    -0.0798456355767857
-4.48696742435465e-18    0.557500000000000    -0.0816388694885631
0.00754802221776783    0.557500000000000    -0.0798456355767857
0.0143571914306974    0.557500000000000    -0.0746414680709333
0.0197609787139555    0.557500000000000    -0.0665357871460461
0.0232304237178571    0.557500000000000    -0.0563220333266518
0.0244259129923754    0.557500000000000    -0.0450000000000000
0.0242604486758546    0.563333333333333    -0.0450000000000000
0.0230730578014156    0.563333333333333    -0.0337546636019996
0.0196271152699275    0.563333333333333    -0.0236100990815014
0.0142599339456658    0.563333333333333    -0.0155593270951087
0.00749689093200025    0.563333333333333    -0.0103904132978766
1.48552404083820e-18    0.563333333333333    -0.00860932698621818
-0.00749689093200024    0.563333333333333    -0.0103904132978766
-0.0142599339456658    0.563333333333333    -0.0155593270951087
-0.0196271152699275    0.563333333333333    -0.0236100990815014
-0.0230730578014156    0.563333333333333    -0.0337546636019996
-0.0242604486758546    0.563333333333333    -0.0450000000000000
-0.0230730578014156    0.563333333333333    -0.0562453363980004
-0.0196271152699275    0.563333333333333    -0.0663899009184986
-0.0142599339456658    0.563333333333333    -0.0744406729048913
-0.00749689093200025    0.563333333333333    -0.0796095867021234
-4.45657212251459e-18    0.563333333333333    -0.0813906730137818
0.00749689093200024    0.563333333333333    -0.0796095867021234
0.0142599339456658    0.563333333333333    -0.0744406729048913
0.0196271152699275    0.563333333333333    -0.0663899009184986
0.0230730578014156    0.563333333333333    -0.0562453363980004
0.0242604486758546    0.563333333333333    -0.0450000000000000
0.0241348192940094    0.569166666666667    -0.0450000000000000
0.0229535771591737    0.569166666666667    -0.0338128960229741
0.0195254789650220    0.569166666666667    -0.0237208637283561
0.0141860908477626    0.569166666666667    -0.0157117815524670
0.00745806931801728    0.569166666666667    -0.0105696342612395
1.47783145982042e-18    0.569166666666667    -0.00879777105898588
-0.00745806931801728    0.569166666666667    -0.0105696342612395
-0.0141860908477626    0.569166666666667    -0.0157117815524670
-0.0195254789650220    0.569166666666667    -0.0237208637283561
-0.0229535771591737    0.569166666666667    -0.0338128960229741
-0.0241348192940094    0.569166666666667    -0.0450000000000000
-0.0229535771591737    0.569166666666667    -0.0561871039770259
-0.0195254789650220    0.569166666666667    -0.0662791362716439
-0.0141860908477626    0.569166666666667    -0.0742882184475330
-0.00745806931801728    0.569166666666667    -0.0794303657387605
-4.43349437946126e-18    0.569166666666667    -0.0812022289410141
0.00745806931801728    0.569166666666667    -0.0794303657387605
0.0141860908477626    0.569166666666667    -0.0742882184475330
0.0195254789650220    0.569166666666667    -0.0662791362716439
0.0229535771591737    0.569166666666667    -0.0561871039770259
0.0241348192940094    0.569166666666667    -0.0450000000000000
0.0240498967683434    0.575000000000000    -0.0450000000000000
0.0228728110377587    0.575000000000000    -0.0338522597784282
0.0194567751985529    0.575000000000000    -0.0237957380406170
0.0141361746395886    0.575000000000000    -0.0158148372021706
0.00743182681438123    0.575000000000000    -0.0106907834433619
1.47263145485880e-18    0.575000000000000    -0.00892515484748493
-0.00743182681438123    0.575000000000000    -0.0106907834433619
-0.0141361746395886    0.575000000000000    -0.0158148372021706
-0.0194567751985529    0.575000000000000    -0.0237957380406170
-0.0228728110377587    0.575000000000000    -0.0338522597784281
-0.0240498967683434    0.575000000000000    -0.0450000000000000
-0.0228728110377587    0.575000000000000    -0.0561477402215719
-0.0194567751985529    0.575000000000000    -0.0662042619593830
-0.0141361746395887    0.575000000000000    -0.0741851627978294
-0.00743182681438124    0.575000000000000    -0.0793092165566381
-4.41789436457640e-18    0.575000000000000    -0.0810748451525151
0.00743182681438123    0.575000000000000    -0.0793092165566381
0.0141361746395886    0.575000000000000    -0.0741851627978294
0.0194567751985529    0.575000000000000    -0.0662042619593830
0.0228728110377587    0.575000000000000    -0.0561477402215719
0.0240498967683434    0.575000000000000    -0.0450000000000000
0.0240062704974124    0.580833333333333    -0.0450000000000000
0.0228313199885082    0.580833333333333    -0.0338724816671065
0.0194214808039686    0.580833333333333    -0.0238342023586156
0.0141105317609229    0.580833333333333    -0.0158677787940471
0.00741834555526236    0.580833333333333    -0.0107530200172377
1.46996011620608e-18    0.580833333333333    -0.00899059425388136
-0.00741834555526236    0.580833333333333    -0.0107530200172377
-0.0141105317609229    0.580833333333333    -0.0158677787940471
-0.0194214808039686    0.580833333333333    -0.0238342023586156
-0.0228313199885082    0.580833333333333    -0.0338724816671065
-0.0240062704974124    0.580833333333333    -0.0450000000000000
-0.0228313199885082    0.580833333333333    -0.0561275183328936
-0.0194214808039686    0.580833333333333    -0.0661657976413844
-0.0141105317609229    0.580833333333333    -0.0741322212059529
-0.00741834555526237    0.580833333333333    -0.0792469799827623
-4.40988034861825e-18    0.580833333333333    -0.0810094057461187
0.00741834555526236    0.580833333333333    -0.0792469799827623
0.0141105317609229    0.580833333333333    -0.0741322212059529
0.0194214808039686    0.580833333333333    -0.0661657976413844
0.0228313199885082    0.580833333333333    -0.0561275183328936
0.0240062704974124    0.580833333333333    -0.0450000000000000
0.0240042432661477    0.586666666666667    -0.0450000000000000
0.0228293919770039    0.586666666666667    -0.0338734213404749
0.0194198407394239    0.586666666666667    -0.0238359897235762
0.0141093401842825    0.586666666666667    -0.0158702388908641
0.00741771910635005    0.586666666666667    -0.0107559120344942
1.46983598409211e-18    0.586666666666667    -0.00899363510077840
-0.00741771910635004    0.586666666666667    -0.0107559120344942
-0.0141093401842825    0.586666666666667    -0.0158702388908641
-0.0194198407394239    0.586666666666667    -0.0238359897235762
-0.0228293919770039    0.586666666666667    -0.0338734213404749
-0.0240042432661477    0.586666666666667    -0.0450000000000000
-0.0228293919770039    0.586666666666667    -0.0561265786595251
-0.0194198407394239    0.586666666666667    -0.0661640102764238
-0.0141093401842825    0.586666666666667    -0.0741297611091359
-0.00741771910635005    0.586666666666667    -0.0792440879655058
-4.40950795227633e-18    0.586666666666667    -0.0810063648992216
0.00741771910635004    0.586666666666667    -0.0792440879655058
0.0141093401842825    0.586666666666667    -0.0741297611091359
0.0194198407394239    0.586666666666667    -0.0661640102764238
0.0228293919770039    0.586666666666667    -0.0561265786595251
0.0240042432661477    0.586666666666667    -0.0450000000000000
0.0240438291443991    0.592500000000000    -0.0450000000000000
0.0228670403844681    0.592500000000000    -0.0338550722767996
0.0194518663876665    0.592500000000000    -0.0238010877304234
0.0141326081797177    0.592500000000000    -0.0158222004185002
0.00742995181546697    0.592500000000000    -0.0106994394232979
1.47225992004671e-18    0.592500000000000    -0.00893425628340137
-0.00742995181546697    0.592500000000000    -0.0106994394232979
-0.0141326081797177    0.592500000000000    -0.0158222004185002
-0.0194518663876665    0.592500000000000    -0.0238010877304234
-0.0228670403844681    0.592500000000000    -0.0338550722767995
-0.0240438291443991    0.592500000000000    -0.0450000000000000
-0.0228670403844681    0.592500000000000    -0.0561449277232005
-0.0194518663876665    0.592500000000000    -0.0661989122695766
-0.0141326081797177    0.592500000000000    -0.0741777995814998
-0.00742995181546697    0.592500000000000    -0.0793005605767021
-4.41677976014013e-18    0.592500000000000    -0.0810657437165986
0.00742995181546696    0.592500000000000    -0.0793005605767021
0.0141326081797177    0.592500000000000    -0.0741777995814998
0.0194518663876665    0.592500000000000    -0.0661989122695766
0.0228670403844681    0.592500000000000    -0.0561449277232005
0.0240438291443991    0.592500000000000    -0.0450000000000000
0.0241247533892841    0.598333333333333    -0.0450000000000000
0.0229440039148923    0.598333333333333    -0.0338175618264099
0.0195173354770355    0.598333333333333    -0.0237297386138789
0.0141801742574141    0.598333333333333    -0.0157239967844468
0.00745495878239341    0.598333333333333    -0.0105839941276616
1.47721510092030e-18    0.598333333333333    -0.00881286991607381
-0.00745495878239341    0.598333333333333    -0.0105839941276616
-0.0141801742574141    0.598333333333333    -0.0157239967844468
-0.0195173354770355    0.598333333333333    -0.0237297386138789
-0.0229440039148923    0.598333333333333    -0.0338175618264099
-0.0241247533892841    0.598333333333333    -0.0450000000000000
-0.0229440039148923    0.598333333333333    -0.0561824381735901
-0.0195173354770355    0.598333333333333    -0.0662702613861211
-0.0141801742574141    0.598333333333333    -0.0742760032155532
-0.00745495878239341    0.598333333333333    -0.0794160058723384
-4.43164530276091e-18    0.598333333333333    -0.0811871300839262
0.00745495878239340    0.598333333333333    -0.0794160058723384
0.0141801742574141    0.598333333333333    -0.0742760032155532
0.0195173354770355    0.598333333333333    -0.0662702613861211
0.0229440039148923    0.598333333333333    -0.0561824381735901
0.0241247533892841    0.598333333333333    -0.0450000000000000
0.0242464543520212    0.604166666666667    -0.0450000000000000
0.0230597484085427    0.604166666666667    -0.0337611503278336
0.0196157936241215    0.604166666666667    -0.0236224375672490
0.0142517082885007    0.604166666666667    -0.0155763095638177
0.00749256644811095    0.604166666666667    -0.0104103773871859
1.48466713564376e-18    0.604166666666667    -0.00863031847196825
-0.00749256644811094    0.604166666666667    -0.0104103773871859
-0.0142517082885007    0.604166666666667    -0.0155763095638177
-0.0196157936241215    0.604166666666667    -0.0236224375672490
-0.0230597484085427    0.604166666666667    -0.0337611503278336
-0.0242464543520212    0.604166666666667    -0.0450000000000000
-0.0230597484085427    0.604166666666667    -0.0562388496721664
-0.0196157936241215    0.604166666666667    -0.0663775624327510
-0.0142517082885007    0.604166666666667    -0.0744236904361823
-0.00749256644811095    0.604166666666667    -0.0795896226128141
-4.45400140693127e-18    0.604166666666667    -0.0813696815280318
0.00749256644811094    0.604166666666667    -0.0795896226128141
0.0142517082885007    0.604166666666667    -0.0744236904361823
0.0196157936241215    0.604166666666667    -0.0663775624327510
0.0230597484085427    0.604166666666667    -0.0562388496721664
0.0242464543520212    0.604166666666667    -0.0450000000000000


