3
109
0.74461416
0.30000000

0.25864031 -9.02781945 0.02998342 -0.00062110 -0.86024228 -0.13392169 2.03183340 10.91814060 -6.26206952 0.03087244 2.30152348 -0.01100276 -0.14493276 -0.02984652 0.27627340 -0.36882634 -0.21246793 -0.16741449 1.31878861 -12.30176198 -0.17835135 0.21081063 0.05611221 0.20638909 0.91800880 0.04583871 0.22752027 -11.08491243 7.56051125 0.01829473 0.29776587 -1.87599611 -0.37223203 0.44412743 0.27016802 -0.11782481 0.56132385 0.61081651 -0.10342770 0.03203881 1.60285243 0.01070863 -0.04388964 -0.36292760 0.17474489 -0.01168758 -0.38616745 -0.01587348 0.21517891 0.09579786 -0.02074579 0.36627516 6.27320926 -0.02570159 0.19199423 -0.40209359 0.16880595 0.02883581 -0.24222867 -2.29125669 -1.44563233 0.00915209 0.13070904 0.43537196 0.15739135 -0.18958011 -11.47441342 0.29887169 0.04629028 -12.77695869 -0.32442701 0.78544139 -2.27120342 0.18865787 -0.05413143 -0.05052388 0.10849896 2.11314525 0.01304038 0.07677357 -0.71276240 0.02895198 8.84142205 -0.09547418 6.71196455 0.25741410 -0.43156286 -0.25739270 0.10420035 -0.55357261 0.07752573 -2.81822764 0.24321725 -0.09075824 23.52985491 0.07053380 0.01049595 0.10685745 -0.28282471 -0.28494676 0.23868353 -0.64474869 -2.05301742 0.00085362 1.73294990 0.15518684 -0.29426848 -0.06756399 0.00259352 

-1.17397959 -0.30247879 -0.56979909 -1.04501901 -0.14806976 -0.37054456 -0.64379846 -0.11105107 -0.32485496 -1.17248195 -0.45306072 -1.08257373 -0.99449748 -0.92477035 -0.77878826 -1.04119948 -1.02345094 -0.11141102 -0.34644237 -0.10657909 -0.98242375 -0.61353435 -0.56399903 -0.82192650 -1.17711696 -0.81577185 -1.20100431 -0.22365483 -0.30856464 -0.54697223 -0.11476143 -0.25784416 -0.55310087 -1.19777863 -0.75130023 -0.39879984 -0.31231061 -0.72715296 -1.03322668 -0.50946973 -0.16161390 -0.14730209 -1.03436474 -0.32307083 -0.23567238 -1.02731770 -0.45647132 -1.09229911 -1.18927263 -1.14045679 -0.42634933 -1.17603403 -0.36228126 -1.03633805 -1.19946349 -1.05404579 -0.44571142 -0.38457652 -1.07399560 -0.42574556 -0.61571290 -1.00253598 -0.67783025 -0.40298682 -1.18460935 -1.09512652 -0.45129121 -0.80593105 -1.18610508 -0.33837977 -0.10215708 -1.17802847 -0.41834950 -0.45643185 -0.99317071 -1.04195179 -1.20569117 -0.16061007 -0.38653827 -0.89690427 -1.10454177 -0.80999946 -0.18442728 -0.14441990 -0.36024895 -0.63517237 -0.63890389 -1.11947635 -1.17449243 -0.55080313 -0.61439874 -0.55873657 -1.18426786 -0.13405588 -0.39687353 -0.25631175 -0.78051178 -0.78243262 -1.07809819 -0.36942931 -1.13078333 -0.48609086 -0.21711433 -0.57731074 -0.16386168 -1.16976846 -0.58224534 -0.17276781 -1.18045706 
-0.11626557 0.29594515 -0.61958095 -0.15954676 0.65277289 0.54426154 -0.08108317 -0.13121685 0.05411307 -0.41624474 -0.19106335 0.14956705 -0.51000241 -0.19231149 -0.05350531 -0.11202997 -0.58063885 -0.29235211 0.08281921 -0.10530868 0.50575507 0.00450815 -0.59376565 -0.51251223 -0.57248070 -0.00832075 -0.62902647 -0.18734118 0.43204276 -0.14674089 -0.63004779 0.11171384 -0.37818703 -0.57849722 -0.57757640 -0.44159366 -0.22716934 0.35443382 0.06583910 0.67651655 0.23176753 -0.07548445 0.37317878 -0.39883521 0.63369226 0.03759122 0.66466175 0.45268353 0.52296348 -0.62932022 -0.55758742 0.64150323 0.18685628 0.50694381 0.43434606 -0.54623805 0.17722691 0.00111440 0.10287457 0.40916466 -0.30743368 0.41290338 0.54103611 0.63435763 0.07413423 -0.43788155 0.10613593 -0.61545507 0.38911596 0.32945108 0.48532561 0.66674418 -0.32999221 0.00500156 0.56099181 0.13642649 0.03269547 -0.24007603 0.69681410 0.32311076 0.56785238 -0.45041916 -0.05266169 -0.45842921 -0.26148786 -0.14039950 -0.24623484 -0.52217717 0.31355049 0.38314404 -0.63060136 0.15280889 0.09885965 -0.55766313 0.21398523 0.58334642 -0.58360120 0.68292311 0.50774577 -0.41583944 0.65961733 -0.14368805 0.20617485 0.69152018 0.38524535 -0.09206870 -0.20990100 -0.42323956 -0.28312250 
0.61180661 -0.25260287 0.21951551 -0.06331015 -0.43421790 0.44346074 -0.60734594 -0.27411881 0.00353634 -0.60242311 -0.40299832 -0.13924664 -0.04655225 -0.57893428 -0.45114955 -0.59699009 -0.46289310 0.35388170 -0.16848607 -0.11523425 0.00285190 -0.12256670 -0.54394058 -0.26941991 0.66078865 0.66677081 -0.36417077 -0.36308809 -0.39278590 0.34631013 0.63674082 0.05186231 -0.28253090 0.21243338 -0.54418893 0.05001651 -0.25550614 -0.27286884 0.43250767 0.64853953 -0.06326342 0.67202912 -0.51212345 0.14303035 0.67424630 -0.50429986 -0.40239620 -0.41131669 -0.11618114 -0.59562121 -0.38261200 -0.52133128 -0.04026370 -0.49112718 0.59844322 0.52878380 -0.53525509 0.34979688 0.47947073 -0.43895425 -0.47542729 0.66709882 0.67377530 -0.53768393 0.22919368 0.57187088 -0.51450115 0.65395190 0.23514182 -0.49955038 0.09156092 0.62415463 -0.61159165 0.31240845 0.00206666 -0.00900154 -0.39447182 -0.01650031 0.11146953 0.39431577 0.50166414 -0.61223498 -0.04522235 0.50077049 -0.49846431 -0.45538098 -0.57908700 0.54496931 0.32971687 0.09053725 0.16622730 -0.33701134 0.60780498 0.14432603 -0.47221213 -0.52765988 -0.33703185 0.26194189 -0.40024812 -0.37401303 0.15330372 -0.60902737 -0.39206522 0.03695365 -0.41122236 -0.62656229 -0.53966362 -0.00950202 0.30876299 
